"Thu Apr  1 10:11:45 2021","aafc-aac","Agri-Environmental Indicator – Residual Soil Nitrogen","ca874ba4-e459-48c3-9f13-2dc443c97750","fgp","as_needed",1
"Thu Apr  1 10:32:53 2021","aafc-aac","Agri-Environmental Indicator – Residual Soil Nitrogen","ca874ba4-e459-48c3-9f13-2dc443c97750","fgp","as_needed",1
"Thu Apr  1 11:33:28 2021","aafc-aac","Agri-Environmental Indicator – Residual Soil Nitrogen","ca874ba4-e459-48c3-9f13-2dc443c97750","fgp","as_needed",1
"Thu Apr  1 12:39:55 2021","aafc-aac","Agri-Environmental Indicator – Residual Soil Nitrogen","ca874ba4-e459-48c3-9f13-2dc443c97750","fgp","as_needed",1
"Thu Apr  1 13:42:29 2021","statcan","Number of employees that complete tasks related to cyber security by industry and size of enterprise","07f43de0-0e7c-4923-9c9e-6cf7da06dc8a","primary","as_needed",1
"Thu Apr  1 14:34:24 2021","statcan","Number of employees that complete tasks related to cyber security by industry and size of enterprise","07f43de0-0e7c-4923-9c9e-6cf7da06dc8a","primary","as_needed",1
"Thu Apr  1 15:32:51 2021","statcan","Number of employees that complete tasks related to cyber security by industry and size of enterprise","07f43de0-0e7c-4923-9c9e-6cf7da06dc8a","primary","as_needed",1
"Thu Apr  1 16:45:11 2021","statcan","Number of employees that complete tasks related to cyber security by industry and size of enterprise","07f43de0-0e7c-4923-9c9e-6cf7da06dc8a","primary","as_needed",1
"Thu Apr  1 17:59:36 2021","tsb-bst","Rail transportation safety investigation report R19E0150","44c14268-1a2c-467d-ba15-14668dab1c56","publication","not_planned",1
"Thu Apr  1 18:46:05 2021","tsb-bst","Rail transportation safety investigation report R19E0150","44c14268-1a2c-467d-ba15-14668dab1c56","publication","not_planned",1
"Thu Apr  1 19:40:04 2021","tsb-bst","Rail transportation safety investigation report R19E0150","44c14268-1a2c-467d-ba15-14668dab1c56","publication","not_planned",1
"Thu Apr  1 20:33:05 2021","tsb-bst","Rail transportation safety investigation report R19E0150","44c14268-1a2c-467d-ba15-14668dab1c56","publication","not_planned",1
"Thu Apr  1 21:31:35 2021","tsb-bst","Rail transportation safety investigation report R19E0150","44c14268-1a2c-467d-ba15-14668dab1c56","publication","not_planned",1
"Thu Apr  1 22:58:18 2021","tsb-bst","Rail transportation safety investigation report R19E0150","44c14268-1a2c-467d-ba15-14668dab1c56","publication","not_planned",1
"Thu Apr  1 23:48:06 2021","tsb-bst","Rail transportation safety investigation report R19E0150","44c14268-1a2c-467d-ba15-14668dab1c56","publication","not_planned",1
"Fri Apr  2 01:09:35 2021","tsb-bst","Rail transportation safety investigation report R19E0150","44c14268-1a2c-467d-ba15-14668dab1c56","publication","not_planned",1
"Fri Apr  2 02:28:24 2021","tsb-bst","Rail transportation safety investigation report R19E0150","44c14268-1a2c-467d-ba15-14668dab1c56","publication","not_planned",1
"Fri Apr  2 03:42:06 2021","tsb-bst","Rail transportation safety investigation report R19E0150","44c14268-1a2c-467d-ba15-14668dab1c56","publication","not_planned",1
"Fri Apr  2 04:39:34 2021","tsb-bst","Rail transportation safety investigation report R19E0150","44c14268-1a2c-467d-ba15-14668dab1c56","publication","not_planned",1
"Fri Apr  2 05:37:45 2021","tsb-bst","Rail transportation safety investigation report R19E0150","44c14268-1a2c-467d-ba15-14668dab1c56","publication","not_planned",1
"Fri Apr  2 06:31:30 2021","tsb-bst","Rail transportation safety investigation report R19E0150","44c14268-1a2c-467d-ba15-14668dab1c56","publication","not_planned",1
"Fri Apr  2 07:35:19 2021","tsb-bst","Rail transportation safety investigation report R19E0150","44c14268-1a2c-467d-ba15-14668dab1c56","publication","not_planned",1
"Fri Apr  2 08:35:58 2021","tsb-bst","Rail transportation safety investigation report R19E0150","44c14268-1a2c-467d-ba15-14668dab1c56","publication","not_planned",1
"Fri Apr  2 09:34:58 2021","tsb-bst","Rail transportation safety investigation report R19E0150","44c14268-1a2c-467d-ba15-14668dab1c56","publication","not_planned",1
"Fri Apr  2 10:37:16 2021","tsb-bst","Rail transportation safety investigation report R19E0150","44c14268-1a2c-467d-ba15-14668dab1c56","publication","not_planned",1
"Fri Apr  2 11:32:08 2021","tsb-bst","Rail transportation safety investigation report R19E0150","44c14268-1a2c-467d-ba15-14668dab1c56","publication","not_planned",1
"Fri Apr  2 12:39:35 2021","tsb-bst","Rail transportation safety investigation report R19E0150","44c14268-1a2c-467d-ba15-14668dab1c56","publication","not_planned",1
"Fri Apr  2 13:40:31 2021","tsb-bst","Rail transportation safety investigation report R19E0150","44c14268-1a2c-467d-ba15-14668dab1c56","publication","not_planned",1
"Fri Apr  2 14:33:15 2021","tsb-bst","Rail transportation safety investigation report R19E0150","44c14268-1a2c-467d-ba15-14668dab1c56","publication","not_planned",1
"Fri Apr  2 15:30:34 2021","tsb-bst","Rail transportation safety investigation report R19E0150","44c14268-1a2c-467d-ba15-14668dab1c56","publication","not_planned",1
"Fri Apr  2 16:49:30 2021","tsb-bst","Rail transportation safety investigation report R19E0150","44c14268-1a2c-467d-ba15-14668dab1c56","publication","not_planned",1
"Fri Apr  2 18:03:03 2021","tsb-bst","Rail transportation safety investigation report R19E0150","44c14268-1a2c-467d-ba15-14668dab1c56","publication","not_planned",1
"Fri Apr  2 18:48:01 2021","tsb-bst","Rail transportation safety investigation report R19E0150","44c14268-1a2c-467d-ba15-14668dab1c56","publication","not_planned",1
"Fri Apr  2 19:38:58 2021","tsb-bst","Rail transportation safety investigation report R19E0150","44c14268-1a2c-467d-ba15-14668dab1c56","publication","not_planned",1
"Fri Apr  2 20:34:21 2021","tsb-bst","Rail transportation safety investigation report R19E0150","44c14268-1a2c-467d-ba15-14668dab1c56","publication","not_planned",1
"Fri Apr  2 21:29:46 2021","tsb-bst","Rail transportation safety investigation report R19E0150","44c14268-1a2c-467d-ba15-14668dab1c56","publication","not_planned",1
"Fri Apr  2 22:35:55 2021","tsb-bst","Rail transportation safety investigation report R19E0150","44c14268-1a2c-467d-ba15-14668dab1c56","publication","not_planned",1
"Fri Apr  2 23:30:52 2021","tsb-bst","Rail transportation safety investigation report R19E0150","44c14268-1a2c-467d-ba15-14668dab1c56","publication","not_planned",1
"Sat Apr  3 01:00:47 2021","tsb-bst","Rail transportation safety investigation report R19E0150","44c14268-1a2c-467d-ba15-14668dab1c56","publication","not_planned",1
"Sat Apr  3 02:21:40 2021","tsb-bst","Rail transportation safety investigation report R19E0150","44c14268-1a2c-467d-ba15-14668dab1c56","publication","not_planned",1
"Sat Apr  3 03:41:18 2021","tsb-bst","Rail transportation safety investigation report R19E0150","44c14268-1a2c-467d-ba15-14668dab1c56","publication","not_planned",1
"Sat Apr  3 04:36:55 2021","tsb-bst","Rail transportation safety investigation report R19E0150","44c14268-1a2c-467d-ba15-14668dab1c56","publication","not_planned",1
"Sat Apr  3 05:38:00 2021","tsb-bst","Rail transportation safety investigation report R19E0150","44c14268-1a2c-467d-ba15-14668dab1c56","publication","not_planned",1
"Sat Apr  3 06:36:54 2021","tsb-bst","Rail transportation safety investigation report R19E0150","44c14268-1a2c-467d-ba15-14668dab1c56","publication","not_planned",1
"Sat Apr  3 07:36:04 2021","tsb-bst","Rail transportation safety investigation report R19E0150","44c14268-1a2c-467d-ba15-14668dab1c56","publication","not_planned",1
"Sat Apr  3 08:33:51 2021","tsb-bst","Rail transportation safety investigation report R19E0150","44c14268-1a2c-467d-ba15-14668dab1c56","publication","not_planned",1
"Sat Apr  3 09:32:33 2021","tsb-bst","Rail transportation safety investigation report R19E0150","44c14268-1a2c-467d-ba15-14668dab1c56","publication","not_planned",1
"Sat Apr  3 10:35:00 2021","tsb-bst","Rail transportation safety investigation report R19E0150","44c14268-1a2c-467d-ba15-14668dab1c56","publication","not_planned",1
"Sat Apr  3 11:32:09 2021","tsb-bst","Rail transportation safety investigation report R19E0150","44c14268-1a2c-467d-ba15-14668dab1c56","publication","not_planned",1
"Sat Apr  3 12:38:37 2021","tsb-bst","Rail transportation safety investigation report R19E0150","44c14268-1a2c-467d-ba15-14668dab1c56","publication","not_planned",1
"Sat Apr  3 13:38:41 2021","tsb-bst","Rail transportation safety investigation report R19E0150","44c14268-1a2c-467d-ba15-14668dab1c56","publication","not_planned",1
"Sat Apr  3 14:31:47 2021","tsb-bst","Rail transportation safety investigation report R19E0150","44c14268-1a2c-467d-ba15-14668dab1c56","publication","not_planned",1
"Sat Apr  3 15:32:45 2021","tsb-bst","Rail transportation safety investigation report R19E0150","44c14268-1a2c-467d-ba15-14668dab1c56","publication","not_planned",1
"Sat Apr  3 16:42:57 2021","tsb-bst","Rail transportation safety investigation report R19E0150","44c14268-1a2c-467d-ba15-14668dab1c56","publication","not_planned",1
"Sat Apr  3 18:01:02 2021","tsb-bst","Rail transportation safety investigation report R19E0150","44c14268-1a2c-467d-ba15-14668dab1c56","publication","not_planned",1
"Sat Apr  3 18:45:21 2021","tsb-bst","Rail transportation safety investigation report R19E0150","44c14268-1a2c-467d-ba15-14668dab1c56","publication","not_planned",1
"Sat Apr  3 19:36:42 2021","tsb-bst","Rail transportation safety investigation report R19E0150","44c14268-1a2c-467d-ba15-14668dab1c56","publication","not_planned",1
"Sat Apr  3 20:32:33 2021","tsb-bst","Rail transportation safety investigation report R19E0150","44c14268-1a2c-467d-ba15-14668dab1c56","publication","not_planned",1
"Sat Apr  3 21:30:04 2021","tsb-bst","Rail transportation safety investigation report R19E0150","44c14268-1a2c-467d-ba15-14668dab1c56","publication","not_planned",1
"Sat Apr  3 22:35:10 2021","tsb-bst","Rail transportation safety investigation report R19E0150","44c14268-1a2c-467d-ba15-14668dab1c56","publication","not_planned",1
"Sat Apr  3 23:32:24 2021","tsb-bst","Rail transportation safety investigation report R19E0150","44c14268-1a2c-467d-ba15-14668dab1c56","publication","not_planned",1
"Sun Apr  4 01:04:24 2021","tsb-bst","Rail transportation safety investigation report R19E0150","44c14268-1a2c-467d-ba15-14668dab1c56","publication","not_planned",1
"Sun Apr  4 02:26:23 2021","tsb-bst","Rail transportation safety investigation report R19E0150","44c14268-1a2c-467d-ba15-14668dab1c56","publication","not_planned",1
"Sun Apr  4 03:41:03 2021","tsb-bst","Rail transportation safety investigation report R19E0150","44c14268-1a2c-467d-ba15-14668dab1c56","publication","not_planned",1
"Sun Apr  4 04:36:39 2021","tsb-bst","Rail transportation safety investigation report R19E0150","44c14268-1a2c-467d-ba15-14668dab1c56","publication","not_planned",1
"Sun Apr  4 05:40:55 2021","tsb-bst","Rail transportation safety investigation report R19E0150","44c14268-1a2c-467d-ba15-14668dab1c56","publication","not_planned",1
"Sun Apr  4 06:37:51 2021","tsb-bst","Rail transportation safety investigation report R19E0150","44c14268-1a2c-467d-ba15-14668dab1c56","publication","not_planned",1
"Sun Apr  4 07:37:40 2021","tsb-bst","Rail transportation safety investigation report R19E0150","44c14268-1a2c-467d-ba15-14668dab1c56","publication","not_planned",1
"Sun Apr  4 08:34:40 2021","tsb-bst","Rail transportation safety investigation report R19E0150","44c14268-1a2c-467d-ba15-14668dab1c56","publication","not_planned",1
"Sun Apr  4 09:31:36 2021","tsb-bst","Rail transportation safety investigation report R19E0150","44c14268-1a2c-467d-ba15-14668dab1c56","publication","not_planned",1
"Sun Apr  4 10:33:41 2021","tsb-bst","Rail transportation safety investigation report R19E0150","44c14268-1a2c-467d-ba15-14668dab1c56","publication","not_planned",1
"Sun Apr  4 11:32:51 2021","tsb-bst","Rail transportation safety investigation report R19E0150","44c14268-1a2c-467d-ba15-14668dab1c56","publication","not_planned",1
"Sun Apr  4 12:37:26 2021","tsb-bst","Rail transportation safety investigation report R19E0150","44c14268-1a2c-467d-ba15-14668dab1c56","publication","not_planned",1
"Sun Apr  4 13:41:08 2021","tsb-bst","Rail transportation safety investigation report R19E0150","44c14268-1a2c-467d-ba15-14668dab1c56","publication","not_planned",1
"Sun Apr  4 14:33:11 2021","tsb-bst","Rail transportation safety investigation report R19E0150","44c14268-1a2c-467d-ba15-14668dab1c56","publication","not_planned",1
"Sun Apr  4 15:30:04 2021","tsb-bst","Rail transportation safety investigation report R19E0150","44c14268-1a2c-467d-ba15-14668dab1c56","publication","not_planned",1
"Sun Apr  4 16:44:12 2021","tsb-bst","Rail transportation safety investigation report R19E0150","44c14268-1a2c-467d-ba15-14668dab1c56","publication","not_planned",1
"Sun Apr  4 17:16:55 2021","tsb-bst","Rail transportation safety investigation report R19E0150","44c14268-1a2c-467d-ba15-14668dab1c56","publication","not_planned",1
"Sun Apr  4 18:00:56 2021","tsb-bst","Rail transportation safety investigation report R19E0150","44c14268-1a2c-467d-ba15-14668dab1c56","publication","not_planned",1
"Sun Apr  4 18:42:45 2021","tsb-bst","Rail transportation safety investigation report R19E0150","44c14268-1a2c-467d-ba15-14668dab1c56","publication","not_planned",1
"Sun Apr  4 19:35:51 2021","tsb-bst","Rail transportation safety investigation report R19E0150","44c14268-1a2c-467d-ba15-14668dab1c56","publication","not_planned",1
"Sun Apr  4 20:30:15 2021","tsb-bst","Rail transportation safety investigation report R19E0150","44c14268-1a2c-467d-ba15-14668dab1c56","publication","not_planned",1
"Sun Apr  4 21:31:59 2021","tsb-bst","Rail transportation safety investigation report R19E0150","44c14268-1a2c-467d-ba15-14668dab1c56","publication","not_planned",1
"Sun Apr  4 22:33:01 2021","tsb-bst","Rail transportation safety investigation report R19E0150","44c14268-1a2c-467d-ba15-14668dab1c56","publication","not_planned",1
"Sun Apr  4 23:35:16 2021","tsb-bst","Rail transportation safety investigation report R19E0150","44c14268-1a2c-467d-ba15-14668dab1c56","publication","not_planned",1
"Mon Apr  5 01:04:32 2021","tsb-bst","Rail transportation safety investigation report R19E0150","44c14268-1a2c-467d-ba15-14668dab1c56","publication","not_planned",1
"Mon Apr  5 02:22:43 2021","tsb-bst","Rail transportation safety investigation report R19E0150","44c14268-1a2c-467d-ba15-14668dab1c56","publication","not_planned",1
"Mon Apr  5 03:40:17 2021","tsb-bst","Rail transportation safety investigation report R19E0150","44c14268-1a2c-467d-ba15-14668dab1c56","publication","not_planned",1
"Mon Apr  5 04:41:11 2021","tsb-bst","Rail transportation safety investigation report R19E0150","44c14268-1a2c-467d-ba15-14668dab1c56","publication","not_planned",1
"Mon Apr  5 05:37:51 2021","tsb-bst","Rail transportation safety investigation report R19E0150","44c14268-1a2c-467d-ba15-14668dab1c56","publication","not_planned",1
"Mon Apr  5 06:38:14 2021","tsb-bst","Rail transportation safety investigation report R19E0150","44c14268-1a2c-467d-ba15-14668dab1c56","publication","not_planned",1
"Mon Apr  5 07:33:22 2021","tsb-bst","Rail transportation safety investigation report R19E0150","44c14268-1a2c-467d-ba15-14668dab1c56","publication","not_planned",1
"Mon Apr  5 08:37:38 2021","tsb-bst","Rail transportation safety investigation report R19E0150","44c14268-1a2c-467d-ba15-14668dab1c56","publication","not_planned",1
"Mon Apr  5 09:34:41 2021","tsb-bst","Rail transportation safety investigation report R19E0150","44c14268-1a2c-467d-ba15-14668dab1c56","publication","not_planned",1
"Mon Apr  5 10:35:17 2021","tsb-bst","Rail transportation safety investigation report R19E0150","44c14268-1a2c-467d-ba15-14668dab1c56","publication","not_planned",1
"Mon Apr  5 11:28:47 2021","tsb-bst","Rail transportation safety investigation report R19E0150","44c14268-1a2c-467d-ba15-14668dab1c56","publication","not_planned",1
"Mon Apr  5 12:38:35 2021","tsb-bst","Rail transportation safety investigation report R19E0150","44c14268-1a2c-467d-ba15-14668dab1c56","publication","not_planned",1
"Mon Apr  5 13:44:06 2021","tsb-bst","Rail transportation safety investigation report R19E0150","44c14268-1a2c-467d-ba15-14668dab1c56","publication","not_planned",1
"Mon Apr  5 14:32:52 2021","tsb-bst","Rail transportation safety investigation report R19E0150","44c14268-1a2c-467d-ba15-14668dab1c56","publication","not_planned",1
"Mon Apr  5 15:32:34 2021","tsb-bst","Rail transportation safety investigation report R19E0150","44c14268-1a2c-467d-ba15-14668dab1c56","publication","not_planned",1
"Mon Apr  5 16:47:20 2021","tsb-bst","Rail transportation safety investigation report R19E0150","44c14268-1a2c-467d-ba15-14668dab1c56","publication","not_planned",1
"Mon Apr  5 18:00:05 2021","tsb-bst","Rail transportation safety investigation report R19E0150","44c14268-1a2c-467d-ba15-14668dab1c56","publication","not_planned",1
"Mon Apr  5 18:48:06 2021","tsb-bst","Rail transportation safety investigation report R19E0150","44c14268-1a2c-467d-ba15-14668dab1c56","publication","not_planned",1
"Mon Apr  5 19:36:48 2021","tsb-bst","Rail transportation safety investigation report R19E0150","44c14268-1a2c-467d-ba15-14668dab1c56","publication","not_planned",1
"Mon Apr  5 20:33:54 2021","tsb-bst","Rail transportation safety investigation report R19E0150","44c14268-1a2c-467d-ba15-14668dab1c56","publication","not_planned",1
"Mon Apr  5 21:26:55 2021","tsb-bst","Rail transportation safety investigation report R19E0150","44c14268-1a2c-467d-ba15-14668dab1c56","publication","not_planned",1
"Mon Apr  5 22:32:21 2021","tsb-bst","Rail transportation safety investigation report R19E0150","44c14268-1a2c-467d-ba15-14668dab1c56","publication","not_planned",1
"Mon Apr  5 23:33:49 2021","tsb-bst","Rail transportation safety investigation report R19E0150","44c14268-1a2c-467d-ba15-14668dab1c56","publication","not_planned",1
"Tue Apr  6 01:06:30 2021","tsb-bst","Rail transportation safety investigation report R19E0150","44c14268-1a2c-467d-ba15-14668dab1c56","publication","not_planned",1
"Tue Apr  6 02:25:33 2021","tsb-bst","Rail transportation safety investigation report R19E0150","44c14268-1a2c-467d-ba15-14668dab1c56","publication","not_planned",1
"Tue Apr  6 03:42:05 2021","tsb-bst","Rail transportation safety investigation report R19E0150","44c14268-1a2c-467d-ba15-14668dab1c56","publication","not_planned",1
"Tue Apr  6 04:35:25 2021","tsb-bst","Rail transportation safety investigation report R19E0150","44c14268-1a2c-467d-ba15-14668dab1c56","publication","not_planned",1
"Tue Apr  6 05:41:00 2021","tsb-bst","Rail transportation safety investigation report R19E0150","44c14268-1a2c-467d-ba15-14668dab1c56","publication","not_planned",1
"Tue Apr  6 06:36:48 2021","tsb-bst","Rail transportation safety investigation report R19E0150","44c14268-1a2c-467d-ba15-14668dab1c56","publication","not_planned",1
"Tue Apr  6 07:36:06 2021","tsb-bst","Rail transportation safety investigation report R19E0150","44c14268-1a2c-467d-ba15-14668dab1c56","publication","not_planned",1
"Tue Apr  6 08:32:24 2021","tsb-bst","Rail transportation safety investigation report R19E0150","44c14268-1a2c-467d-ba15-14668dab1c56","publication","not_planned",1
"Tue Apr  6 09:32:24 2021","tsb-bst","Rail transportation safety investigation report R19E0150","44c14268-1a2c-467d-ba15-14668dab1c56","publication","not_planned",1
"Tue Apr  6 10:34:16 2021","tsb-bst","Rail transportation safety investigation report R19E0150","44c14268-1a2c-467d-ba15-14668dab1c56","publication","not_planned",1
"Tue Apr  6 11:32:30 2021","tsb-bst","Rail transportation safety investigation report R19E0150","44c14268-1a2c-467d-ba15-14668dab1c56","publication","not_planned",1
"Tue Apr  6 12:34:16 2021","tsb-bst","Rail transportation safety investigation report R19E0150","44c14268-1a2c-467d-ba15-14668dab1c56","publication","not_planned",1
"Tue Apr  6 13:42:35 2021","tsb-bst","Rail transportation safety investigation report R19E0150","44c14268-1a2c-467d-ba15-14668dab1c56","publication","not_planned",1
"Tue Apr  6 14:33:46 2021","tsb-bst","Rail transportation safety investigation report R19E0150","44c14268-1a2c-467d-ba15-14668dab1c56","publication","not_planned",1
"Tue Apr  6 15:31:01 2021","tsb-bst","Rail transportation safety investigation report R19E0150","44c14268-1a2c-467d-ba15-14668dab1c56","publication","not_planned",1
"Tue Apr  6 16:46:15 2021","tsb-bst","Rail transportation safety investigation report R19E0150","44c14268-1a2c-467d-ba15-14668dab1c56","publication","not_planned",1
"Tue Apr  6 18:05:23 2021","tsb-bst","Rail transportation safety investigation report R19E0150","44c14268-1a2c-467d-ba15-14668dab1c56","publication","not_planned",1
"Tue Apr  6 18:46:59 2021","tsb-bst","Rail transportation safety investigation report R19E0150","44c14268-1a2c-467d-ba15-14668dab1c56","publication","not_planned",1
"Tue Apr  6 19:37:42 2021","tsb-bst","Rail transportation safety investigation report R19E0150","44c14268-1a2c-467d-ba15-14668dab1c56","publication","not_planned",1
"Tue Apr  6 20:32:05 2021","tsb-bst","Rail transportation safety investigation report R19E0150","44c14268-1a2c-467d-ba15-14668dab1c56","publication","not_planned",1
"Tue Apr  6 21:31:24 2021","tsb-bst","Rail transportation safety investigation report R19E0150","44c14268-1a2c-467d-ba15-14668dab1c56","publication","not_planned",1
"Tue Apr  6 22:36:06 2021","tsb-bst","Rail transportation safety investigation report R19E0150","44c14268-1a2c-467d-ba15-14668dab1c56","publication","not_planned",1
"Tue Apr  6 23:32:47 2021","tsb-bst","Rail transportation safety investigation report R19E0150","44c14268-1a2c-467d-ba15-14668dab1c56","publication","not_planned",1
"Wed Apr  7 01:02:44 2021","tsb-bst","Rail transportation safety investigation report R19E0150","44c14268-1a2c-467d-ba15-14668dab1c56","publication","not_planned",1
"Wed Apr  7 02:25:34 2021","tsb-bst","Rail transportation safety investigation report R19E0150","44c14268-1a2c-467d-ba15-14668dab1c56","publication","not_planned",1
"Wed Apr  7 03:40:38 2021","tsb-bst","Rail transportation safety investigation report R19E0150","44c14268-1a2c-467d-ba15-14668dab1c56","publication","not_planned",1
"Wed Apr  7 04:38:54 2021","tsb-bst","Rail transportation safety investigation report R19E0150","44c14268-1a2c-467d-ba15-14668dab1c56","publication","not_planned",1
"Wed Apr  7 05:39:23 2021","tsb-bst","Rail transportation safety investigation report R19E0150","44c14268-1a2c-467d-ba15-14668dab1c56","publication","not_planned",1
"Wed Apr  7 06:36:15 2021","tsb-bst","Rail transportation safety investigation report R19E0150","44c14268-1a2c-467d-ba15-14668dab1c56","publication","not_planned",1
"Wed Apr  7 07:33:23 2021","tsb-bst","Rail transportation safety investigation report R19E0150","44c14268-1a2c-467d-ba15-14668dab1c56","publication","not_planned",1
"Wed Apr  7 08:34:22 2021","tsb-bst","Rail transportation safety investigation report R19E0150","44c14268-1a2c-467d-ba15-14668dab1c56","publication","not_planned",1
"Wed Apr  7 09:33:51 2021","tsb-bst","Rail transportation safety investigation report R19E0150","44c14268-1a2c-467d-ba15-14668dab1c56","publication","not_planned",1
"Wed Apr  7 10:29:29 2021","qc","Government of Quebec Net Debt","b3d0a1a0-c141-4fe9-a63b-67d15725c789","federated","P1Y",1
"Wed Apr  7 11:31:07 2021","qc","Government of Quebec Net Debt","b3d0a1a0-c141-4fe9-a63b-67d15725c789","federated","P1Y",1
"Wed Apr  7 12:40:55 2021","qc","Government of Quebec Net Debt","b3d0a1a0-c141-4fe9-a63b-67d15725c789","federated","P1Y",1
"Wed Apr  7 13:41:39 2021","statcan","Number of children with employed mothers","3b36140b-a02c-4ad8-a132-d68d2eb4e450","primary","as_needed",1
"Wed Apr  7 14:34:34 2021","statcan","Number of children with employed mothers","3b36140b-a02c-4ad8-a132-d68d2eb4e450","primary","as_needed",1
"Wed Apr  7 15:32:55 2021","statcan","Number of children with employed mothers","3b36140b-a02c-4ad8-a132-d68d2eb4e450","primary","as_needed",1
"Wed Apr  7 16:45:32 2021","statcan","Number of children with employed mothers","3b36140b-a02c-4ad8-a132-d68d2eb4e450","primary","as_needed",1
"Wed Apr  7 18:04:54 2021","statcan","Number of children with employed mothers","3b36140b-a02c-4ad8-a132-d68d2eb4e450","primary","as_needed",1
"Wed Apr  7 18:46:48 2021","statcan","Number of children with employed mothers","3b36140b-a02c-4ad8-a132-d68d2eb4e450","primary","as_needed",1
"Wed Apr  7 19:33:56 2021","statcan","Number of children with employed mothers","3b36140b-a02c-4ad8-a132-d68d2eb4e450","primary","as_needed",1
"Wed Apr  7 20:35:37 2021","statcan","Number of children with employed mothers","3b36140b-a02c-4ad8-a132-d68d2eb4e450","primary","as_needed",1
"Wed Apr  7 21:28:23 2021","statcan","Number of children with employed mothers","3b36140b-a02c-4ad8-a132-d68d2eb4e450","primary","as_needed",1
"Wed Apr  7 22:35:59 2021","statcan","Number of children with employed mothers","3b36140b-a02c-4ad8-a132-d68d2eb4e450","primary","as_needed",1
"Wed Apr  7 23:32:34 2021","statcan","Number of children with employed mothers","3b36140b-a02c-4ad8-a132-d68d2eb4e450","primary","as_needed",1
"Thu Apr  8 01:09:57 2021","statcan","Number of children with employed mothers","3b36140b-a02c-4ad8-a132-d68d2eb4e450","primary","as_needed",1
"Thu Apr  8 02:24:32 2021","statcan","Number of children with employed mothers","3b36140b-a02c-4ad8-a132-d68d2eb4e450","primary","as_needed",1
"Thu Apr  8 03:42:42 2021","statcan","Number of children with employed mothers","3b36140b-a02c-4ad8-a132-d68d2eb4e450","primary","as_needed",1
"Thu Apr  8 04:35:51 2021","statcan","Number of children with employed mothers","3b36140b-a02c-4ad8-a132-d68d2eb4e450","primary","as_needed",1
"Thu Apr  8 05:41:04 2021","statcan","Number of children with employed mothers","3b36140b-a02c-4ad8-a132-d68d2eb4e450","primary","as_needed",1
"Thu Apr  8 06:33:50 2021","statcan","Number of children with employed mothers","3b36140b-a02c-4ad8-a132-d68d2eb4e450","primary","as_needed",1
"Thu Apr  8 07:38:08 2021","statcan","Number of children with employed mothers","3b36140b-a02c-4ad8-a132-d68d2eb4e450","primary","as_needed",1
"Thu Apr  8 08:33:28 2021","statcan","Number of children with employed mothers","3b36140b-a02c-4ad8-a132-d68d2eb4e450","primary","as_needed",1
"Thu Apr  8 09:31:50 2021","statcan","Number of children with employed mothers","3b36140b-a02c-4ad8-a132-d68d2eb4e450","primary","as_needed",1
"Thu Apr  8 10:30:44 2021","statcan","Number of children with employed mothers","3b36140b-a02c-4ad8-a132-d68d2eb4e450","primary","as_needed",1
"Thu Apr  8 11:31:38 2021","statcan","Number of children with employed mothers","3b36140b-a02c-4ad8-a132-d68d2eb4e450","primary","as_needed",1
"Thu Apr  8 12:36:06 2021","statcan","Number of children with employed mothers","3b36140b-a02c-4ad8-a132-d68d2eb4e450","primary","as_needed",1
"Thu Apr  8 13:41:53 2021","statcan","Normalized difference vegetation indices at one kilometre resolution by land use type for agricultural areas of Canada using 2016 geographic layers","95f51295-be79-44fb-8f3a-c6d896c19fb0","primary","P1W",1
"Thu Apr  8 14:34:07 2021","statcan","Normalized difference vegetation indices at one kilometre resolution by land use type for agricultural areas of Canada using 2016 geographic layers","95f51295-be79-44fb-8f3a-c6d896c19fb0","primary","P1W",1
"Thu Apr  8 15:32:45 2021","statcan","Normalized difference vegetation indices at one kilometre resolution by land use type for agricultural areas of Canada using 2016 geographic layers","95f51295-be79-44fb-8f3a-c6d896c19fb0","primary","P1W",1
"Thu Apr  8 16:45:56 2021","statcan","Normalized difference vegetation indices at one kilometre resolution by land use type for agricultural areas of Canada using 2016 geographic layers","95f51295-be79-44fb-8f3a-c6d896c19fb0","primary","P1W",1
"Thu Apr  8 18:00:51 2021","statcan","Normalized difference vegetation indices at one kilometre resolution by land use type for agricultural areas of Canada using 2016 geographic layers","95f51295-be79-44fb-8f3a-c6d896c19fb0","primary","P1W",1
"Thu Apr  8 18:46:11 2021","statcan","Normalized difference vegetation indices at one kilometre resolution by land use type for agricultural areas of Canada using 2016 geographic layers","95f51295-be79-44fb-8f3a-c6d896c19fb0","primary","P1W",1
"Thu Apr  8 19:34:22 2021","jus","Bill C-26: An Act for granting to Her Majesty certain sums of money for the federal public administration for the fiscal year ending March 31, 2021","52675c63-49e8-4b09-8648-a39de3626959","publication","as_needed",1
"Thu Apr  8 20:30:56 2021","jus","Bill C-26: An Act for granting to Her Majesty certain sums of money for the federal public administration for the fiscal year ending March 31, 2021","52675c63-49e8-4b09-8648-a39de3626959","publication","as_needed",1
"Thu Apr  8 21:33:16 2021","jus","Bill C-26: An Act for granting to Her Majesty certain sums of money for the federal public administration for the fiscal year ending March 31, 2021","52675c63-49e8-4b09-8648-a39de3626959","publication","as_needed",1
"Thu Apr  8 22:37:19 2021","jus","Bill C-26: An Act for granting to Her Majesty certain sums of money for the federal public administration for the fiscal year ending March 31, 2021","52675c63-49e8-4b09-8648-a39de3626959","publication","as_needed",1
"Thu Apr  8 23:34:35 2021","jus","Bill C-26: An Act for granting to Her Majesty certain sums of money for the federal public administration for the fiscal year ending March 31, 2021","52675c63-49e8-4b09-8648-a39de3626959","publication","as_needed",1
"Fri Apr  9 01:00:10 2021","jus","Bill C-26: An Act for granting to Her Majesty certain sums of money for the federal public administration for the fiscal year ending March 31, 2021","52675c63-49e8-4b09-8648-a39de3626959","publication","as_needed",1
"Fri Apr  9 02:19:28 2021","jus","Bill C-26: An Act for granting to Her Majesty certain sums of money for the federal public administration for the fiscal year ending March 31, 2021","52675c63-49e8-4b09-8648-a39de3626959","publication","as_needed",1
"Fri Apr  9 03:29:42 2021","jus","Bill C-26: An Act for granting to Her Majesty certain sums of money for the federal public administration for the fiscal year ending March 31, 2021","52675c63-49e8-4b09-8648-a39de3626959","publication","as_needed",1
"Fri Apr  9 04:32:52 2021","jus","Bill C-26: An Act for granting to Her Majesty certain sums of money for the federal public administration for the fiscal year ending March 31, 2021","52675c63-49e8-4b09-8648-a39de3626959","publication","as_needed",1
"Fri Apr  9 05:39:40 2021","jus","Bill C-26: An Act for granting to Her Majesty certain sums of money for the federal public administration for the fiscal year ending March 31, 2021","52675c63-49e8-4b09-8648-a39de3626959","publication","as_needed",1
"Fri Apr  9 06:35:21 2021","jus","Bill C-26: An Act for granting to Her Majesty certain sums of money for the federal public administration for the fiscal year ending March 31, 2021","52675c63-49e8-4b09-8648-a39de3626959","publication","as_needed",1
"Fri Apr  9 08:38:52 2021","jus","Bill C-26: An Act for granting to Her Majesty certain sums of money for the federal public administration for the fiscal year ending March 31, 2021","52675c63-49e8-4b09-8648-a39de3626959","publication","as_needed",1
"Fri Apr  9 09:36:56 2021","jus","Bill C-26: An Act for granting to Her Majesty certain sums of money for the federal public administration for the fiscal year ending March 31, 2021","52675c63-49e8-4b09-8648-a39de3626959","publication","as_needed",1
"Fri Apr  9 10:34:07 2021","jus","Bill C-26: An Act for granting to Her Majesty certain sums of money for the federal public administration for the fiscal year ending March 31, 2021","52675c63-49e8-4b09-8648-a39de3626959","publication","as_needed",1
"Fri Apr  9 11:31:50 2021","jus","Bill C-26: An Act for granting to Her Majesty certain sums of money for the federal public administration for the fiscal year ending March 31, 2021","52675c63-49e8-4b09-8648-a39de3626959","publication","as_needed",1
"Fri Apr  9 12:40:56 2021","jus","Bill C-26: An Act for granting to Her Majesty certain sums of money for the federal public administration for the fiscal year ending March 31, 2021","52675c63-49e8-4b09-8648-a39de3626959","publication","as_needed",1
"Fri Apr  9 13:41:01 2021","statcan","Ownership type and property use by residential property type and period of construction","34c880a0-0360-45a3-9867-6dafa5da6b37","primary","P1Y",1
"Fri Apr  9 14:37:12 2021","dfo-mpo","Ocean Weather Station Papa, 1949-1981","561d3400-2e4c-4eb7-a042-f3135ab38224","fgp","not_planned",1
"Fri Apr  9 15:33:24 2021","dfo-mpo","Ocean Weather Station Papa, 1949-1981","561d3400-2e4c-4eb7-a042-f3135ab38224","fgp","not_planned",1
"Fri Apr  9 16:40:01 2021","dfo-mpo","Ocean Weather Station Papa, 1949-1981","561d3400-2e4c-4eb7-a042-f3135ab38224","fgp","not_planned",1
"Fri Apr  9 17:49:13 2021","dfo-mpo","Ocean Weather Station Papa, 1949-1981","561d3400-2e4c-4eb7-a042-f3135ab38224","fgp","not_planned",1
"Fri Apr  9 18:37:59 2021","dfo-mpo","Ocean Weather Station Papa, 1949-1981","561d3400-2e4c-4eb7-a042-f3135ab38224","fgp","not_planned",1
"Fri Apr  9 19:30:37 2021","dfo-mpo","Ocean Weather Station Papa, 1949-1981","561d3400-2e4c-4eb7-a042-f3135ab38224","fgp","not_planned",1
"Fri Apr  9 20:33:57 2021","dfo-mpo","Ocean Weather Station Papa, 1949-1981","561d3400-2e4c-4eb7-a042-f3135ab38224","fgp","not_planned",1
"Fri Apr  9 21:33:55 2021","dfo-mpo","Ocean Weather Station Papa, 1949-1981","561d3400-2e4c-4eb7-a042-f3135ab38224","fgp","not_planned",1
"Fri Apr  9 22:37:33 2021","dfo-mpo","Ocean Weather Station Papa, 1949-1981","561d3400-2e4c-4eb7-a042-f3135ab38224","fgp","not_planned",1
"Fri Apr  9 23:33:01 2021","dfo-mpo","Ocean Weather Station Papa, 1949-1981","561d3400-2e4c-4eb7-a042-f3135ab38224","fgp","not_planned",1
"Sat Apr 10 01:07:30 2021","dfo-mpo","Ocean Weather Station Papa, 1949-1981","561d3400-2e4c-4eb7-a042-f3135ab38224","fgp","not_planned",1
"Sat Apr 10 02:16:52 2021","dfo-mpo","Ocean Weather Station Papa, 1949-1981","561d3400-2e4c-4eb7-a042-f3135ab38224","fgp","not_planned",1
"Sat Apr 10 03:41:06 2021","dfo-mpo","Ocean Weather Station Papa, 1949-1981","561d3400-2e4c-4eb7-a042-f3135ab38224","fgp","not_planned",1
"Sat Apr 10 04:35:21 2021","dfo-mpo","Ocean Weather Station Papa, 1949-1981","561d3400-2e4c-4eb7-a042-f3135ab38224","fgp","not_planned",1
"Sat Apr 10 05:37:30 2021","dfo-mpo","Ocean Weather Station Papa, 1949-1981","561d3400-2e4c-4eb7-a042-f3135ab38224","fgp","not_planned",1
"Sat Apr 10 06:37:05 2021","dfo-mpo","Ocean Weather Station Papa, 1949-1981","561d3400-2e4c-4eb7-a042-f3135ab38224","fgp","not_planned",1
"Sat Apr 10 07:36:06 2021","dfo-mpo","Ocean Weather Station Papa, 1949-1981","561d3400-2e4c-4eb7-a042-f3135ab38224","fgp","not_planned",1
"Sat Apr 10 08:33:40 2021","dfo-mpo","Ocean Weather Station Papa, 1949-1981","561d3400-2e4c-4eb7-a042-f3135ab38224","fgp","not_planned",1
"Sat Apr 10 09:30:31 2021","dfo-mpo","Ocean Weather Station Papa, 1949-1981","561d3400-2e4c-4eb7-a042-f3135ab38224","fgp","not_planned",1
"Sat Apr 10 10:30:45 2021","dfo-mpo","Ocean Weather Station Papa, 1949-1981","561d3400-2e4c-4eb7-a042-f3135ab38224","fgp","not_planned",1
"Sat Apr 10 11:30:21 2021","dfo-mpo","Ocean Weather Station Papa, 1949-1981","561d3400-2e4c-4eb7-a042-f3135ab38224","fgp","not_planned",1
"Sat Apr 10 12:38:02 2021","dfo-mpo","Ocean Weather Station Papa, 1949-1981","561d3400-2e4c-4eb7-a042-f3135ab38224","fgp","not_planned",1
"Sat Apr 10 13:39:49 2021","dfo-mpo","Ocean Weather Station Papa, 1949-1981","561d3400-2e4c-4eb7-a042-f3135ab38224","fgp","not_planned",1
"Sat Apr 10 14:32:48 2021","dfo-mpo","Ocean Weather Station Papa, 1949-1981","561d3400-2e4c-4eb7-a042-f3135ab38224","fgp","not_planned",1
"Sat Apr 10 15:29:53 2021","dfo-mpo","Ocean Weather Station Papa, 1949-1981","561d3400-2e4c-4eb7-a042-f3135ab38224","fgp","not_planned",1
"Sat Apr 10 16:39:07 2021","dfo-mpo","Ocean Weather Station Papa, 1949-1981","561d3400-2e4c-4eb7-a042-f3135ab38224","fgp","not_planned",1
"Sat Apr 10 17:54:43 2021","dfo-mpo","Ocean Weather Station Papa, 1949-1981","561d3400-2e4c-4eb7-a042-f3135ab38224","fgp","not_planned",1
"Sat Apr 10 18:41:00 2021","dfo-mpo","Ocean Weather Station Papa, 1949-1981","561d3400-2e4c-4eb7-a042-f3135ab38224","fgp","not_planned",1
"Sat Apr 10 19:33:03 2021","dfo-mpo","Ocean Weather Station Papa, 1949-1981","561d3400-2e4c-4eb7-a042-f3135ab38224","fgp","not_planned",1
"Sat Apr 10 20:27:42 2021","dfo-mpo","Ocean Weather Station Papa, 1949-1981","561d3400-2e4c-4eb7-a042-f3135ab38224","fgp","not_planned",1
"Sat Apr 10 21:31:35 2021","dfo-mpo","Ocean Weather Station Papa, 1949-1981","561d3400-2e4c-4eb7-a042-f3135ab38224","fgp","not_planned",1
"Sat Apr 10 22:31:42 2021","dfo-mpo","Ocean Weather Station Papa, 1949-1981","561d3400-2e4c-4eb7-a042-f3135ab38224","fgp","not_planned",1
"Sat Apr 10 23:33:49 2021","dfo-mpo","Ocean Weather Station Papa, 1949-1981","561d3400-2e4c-4eb7-a042-f3135ab38224","fgp","not_planned",1
"Sun Apr 11 01:05:45 2021","dfo-mpo","Ocean Weather Station Papa, 1949-1981","561d3400-2e4c-4eb7-a042-f3135ab38224","fgp","not_planned",1
"Sun Apr 11 02:25:52 2021","dfo-mpo","Ocean Weather Station Papa, 1949-1981","561d3400-2e4c-4eb7-a042-f3135ab38224","fgp","not_planned",1
"Sun Apr 11 03:38:36 2021","dfo-mpo","Ocean Weather Station Papa, 1949-1981","561d3400-2e4c-4eb7-a042-f3135ab38224","fgp","not_planned",1
"Sun Apr 11 04:35:05 2021","dfo-mpo","Ocean Weather Station Papa, 1949-1981","561d3400-2e4c-4eb7-a042-f3135ab38224","fgp","not_planned",1
"Sun Apr 11 05:36:08 2021","dfo-mpo","Ocean Weather Station Papa, 1949-1981","561d3400-2e4c-4eb7-a042-f3135ab38224","fgp","not_planned",1
"Sun Apr 11 06:36:02 2021","dfo-mpo","Ocean Weather Station Papa, 1949-1981","561d3400-2e4c-4eb7-a042-f3135ab38224","fgp","not_planned",1
"Sun Apr 11 07:34:19 2021","dfo-mpo","Ocean Weather Station Papa, 1949-1981","561d3400-2e4c-4eb7-a042-f3135ab38224","fgp","not_planned",1
"Sun Apr 11 08:32:09 2021","dfo-mpo","Ocean Weather Station Papa, 1949-1981","561d3400-2e4c-4eb7-a042-f3135ab38224","fgp","not_planned",1
"Sun Apr 11 09:29:09 2021","dfo-mpo","Ocean Weather Station Papa, 1949-1981","561d3400-2e4c-4eb7-a042-f3135ab38224","fgp","not_planned",1
"Sun Apr 11 10:32:38 2021","dfo-mpo","Ocean Weather Station Papa, 1949-1981","561d3400-2e4c-4eb7-a042-f3135ab38224","fgp","not_planned",1
"Sun Apr 11 11:30:43 2021","dfo-mpo","Ocean Weather Station Papa, 1949-1981","561d3400-2e4c-4eb7-a042-f3135ab38224","fgp","not_planned",1
"Sun Apr 11 13:38:21 2021","dfo-mpo","Ocean Weather Station Papa, 1949-1981","561d3400-2e4c-4eb7-a042-f3135ab38224","fgp","not_planned",1
"Sun Apr 11 15:33:16 2021","dfo-mpo","Ocean Weather Station Papa, 1949-1981","561d3400-2e4c-4eb7-a042-f3135ab38224","fgp","not_planned",1
"Sun Apr 11 16:45:38 2021","dfo-mpo","Ocean Weather Station Papa, 1949-1981","561d3400-2e4c-4eb7-a042-f3135ab38224","fgp","not_planned",1
"Sun Apr 11 17:56:05 2021","dfo-mpo","Ocean Weather Station Papa, 1949-1981","561d3400-2e4c-4eb7-a042-f3135ab38224","fgp","not_planned",1
"Sun Apr 11 18:43:38 2021","dfo-mpo","Ocean Weather Station Papa, 1949-1981","561d3400-2e4c-4eb7-a042-f3135ab38224","fgp","not_planned",1
"Sun Apr 11 19:36:21 2021","dfo-mpo","Ocean Weather Station Papa, 1949-1981","561d3400-2e4c-4eb7-a042-f3135ab38224","fgp","not_planned",1
"Sun Apr 11 20:36:22 2021","dfo-mpo","Ocean Weather Station Papa, 1949-1981","561d3400-2e4c-4eb7-a042-f3135ab38224","fgp","not_planned",1
"Sun Apr 11 21:32:49 2021","dfo-mpo","Ocean Weather Station Papa, 1949-1981","561d3400-2e4c-4eb7-a042-f3135ab38224","fgp","not_planned",1
"Sun Apr 11 22:34:38 2021","dfo-mpo","Ocean Weather Station Papa, 1949-1981","561d3400-2e4c-4eb7-a042-f3135ab38224","fgp","not_planned",1
"Sun Apr 11 23:34:22 2021","dfo-mpo","Ocean Weather Station Papa, 1949-1981","561d3400-2e4c-4eb7-a042-f3135ab38224","fgp","not_planned",1
"Mon Apr 12 01:06:26 2021","dfo-mpo","Ocean Weather Station Papa, 1949-1981","561d3400-2e4c-4eb7-a042-f3135ab38224","fgp","not_planned",1
"Mon Apr 12 02:25:53 2021","dfo-mpo","Ocean Weather Station Papa, 1949-1981","561d3400-2e4c-4eb7-a042-f3135ab38224","fgp","not_planned",1
"Mon Apr 12 03:40:02 2021","dfo-mpo","Ocean Weather Station Papa, 1949-1981","561d3400-2e4c-4eb7-a042-f3135ab38224","fgp","not_planned",1
"Mon Apr 12 04:35:43 2021","dfo-mpo","Ocean Weather Station Papa, 1949-1981","561d3400-2e4c-4eb7-a042-f3135ab38224","fgp","not_planned",1
"Mon Apr 12 05:36:29 2021","dfo-mpo","Ocean Weather Station Papa, 1949-1981","561d3400-2e4c-4eb7-a042-f3135ab38224","fgp","not_planned",1
"Mon Apr 12 06:37:40 2021","dfo-mpo","Ocean Weather Station Papa, 1949-1981","561d3400-2e4c-4eb7-a042-f3135ab38224","fgp","not_planned",1
"Mon Apr 12 07:34:34 2021","dfo-mpo","Ocean Weather Station Papa, 1949-1981","561d3400-2e4c-4eb7-a042-f3135ab38224","fgp","not_planned",1
"Mon Apr 12 08:35:08 2021","dfo-mpo","Ocean Weather Station Papa, 1949-1981","561d3400-2e4c-4eb7-a042-f3135ab38224","fgp","not_planned",1
"Mon Apr 12 09:31:14 2021","dfo-mpo","Ocean Weather Station Papa, 1949-1981","561d3400-2e4c-4eb7-a042-f3135ab38224","fgp","not_planned",1
"Mon Apr 12 10:31:39 2021","dfo-mpo","Ocean Weather Station Papa, 1949-1981","561d3400-2e4c-4eb7-a042-f3135ab38224","fgp","not_planned",1
"Mon Apr 12 11:28:06 2021","dfo-mpo","Ocean Weather Station Papa, 1949-1981","561d3400-2e4c-4eb7-a042-f3135ab38224","fgp","not_planned",1
"Mon Apr 12 12:38:18 2021","nrcan-rncan","CGDI Analysis Ready Data Service Kits","2364749d-70a0-4874-956d-a636401ac5a6","fgp","not_planned",1
"Mon Apr 12 13:41:57 2021","nrcan-rncan","CGDI Analysis Ready Data Service Kits","2364749d-70a0-4874-956d-a636401ac5a6","fgp","not_planned",1
"Mon Apr 12 14:34:55 2021","nrcan-rncan","CGDI Analysis Ready Data Service Kits","2364749d-70a0-4874-956d-a636401ac5a6","fgp","not_planned",1
"Mon Apr 12 15:31:29 2021","nrcan-rncan","CGDI Analysis Ready Data Service Kits","2364749d-70a0-4874-956d-a636401ac5a6","fgp","not_planned",1
"Mon Apr 12 16:42:28 2021","nrcan-rncan","CGDI Analysis Ready Data Service Kits","2364749d-70a0-4874-956d-a636401ac5a6","fgp","not_planned",1
"Mon Apr 12 17:58:23 2021","nrcan-rncan","CGDI Analysis Ready Data Service Kits","2364749d-70a0-4874-956d-a636401ac5a6","fgp","not_planned",1
"Mon Apr 12 18:45:10 2021","nrcan-rncan","CGDI Analysis Ready Data Service Kits","2364749d-70a0-4874-956d-a636401ac5a6","fgp","not_planned",1
"Mon Apr 12 19:40:11 2021","nrcan-rncan","CGDI Analysis Ready Data Service Kits","2364749d-70a0-4874-956d-a636401ac5a6","fgp","not_planned",1
"Mon Apr 12 20:33:31 2021","cer-rec","Operations and Maintenance (O&M) Activities ","1c47ebcc-17fd-4954-811f-3cdd0c30bf86","primary","P3M",1
"Mon Apr 12 21:28:08 2021","cer-rec","Operations and Maintenance (O&M) Activities ","1c47ebcc-17fd-4954-811f-3cdd0c30bf86","primary","P3M",1
"Mon Apr 12 22:31:48 2021","cer-rec","Operations and Maintenance (O&M) Activities ","1c47ebcc-17fd-4954-811f-3cdd0c30bf86","primary","P3M",1
"Mon Apr 12 23:37:09 2021","cer-rec","Operations and Maintenance (O&M) Activities ","1c47ebcc-17fd-4954-811f-3cdd0c30bf86","primary","P3M",1
"Tue Apr 13 01:07:13 2021","cer-rec","Operations and Maintenance (O&M) Activities ","1c47ebcc-17fd-4954-811f-3cdd0c30bf86","primary","P3M",1
"Tue Apr 13 02:24:00 2021","cer-rec","Operations and Maintenance (O&M) Activities ","1c47ebcc-17fd-4954-811f-3cdd0c30bf86","primary","P3M",1
"Tue Apr 13 03:39:58 2021","cer-rec","Operations and Maintenance (O&M) Activities ","1c47ebcc-17fd-4954-811f-3cdd0c30bf86","primary","P3M",1
"Tue Apr 13 04:39:56 2021","cer-rec","Operations and Maintenance (O&M) Activities ","1c47ebcc-17fd-4954-811f-3cdd0c30bf86","primary","P3M",1
"Tue Apr 13 05:34:47 2021","cer-rec","Operations and Maintenance (O&M) Activities ","1c47ebcc-17fd-4954-811f-3cdd0c30bf86","primary","P3M",1
"Tue Apr 13 06:36:30 2021","cer-rec","Operations and Maintenance (O&M) Activities ","1c47ebcc-17fd-4954-811f-3cdd0c30bf86","primary","P3M",1
"Tue Apr 13 07:36:41 2021","cer-rec","Operations and Maintenance (O&M) Activities ","1c47ebcc-17fd-4954-811f-3cdd0c30bf86","primary","P3M",1
"Tue Apr 13 08:35:07 2021","cer-rec","Operations and Maintenance (O&M) Activities ","1c47ebcc-17fd-4954-811f-3cdd0c30bf86","primary","P3M",1
"Tue Apr 13 09:36:26 2021","cer-rec","Operations and Maintenance (O&M) Activities ","1c47ebcc-17fd-4954-811f-3cdd0c30bf86","primary","P3M",1
"Tue Apr 13 10:35:15 2021","cer-rec","Operations and Maintenance (O&M) Activities ","1c47ebcc-17fd-4954-811f-3cdd0c30bf86","primary","P3M",1
"Tue Apr 13 11:31:42 2021","cer-rec","Operations and Maintenance (O&M) Activities ","1c47ebcc-17fd-4954-811f-3cdd0c30bf86","primary","P3M",1
"Tue Apr 13 12:40:54 2021","statcan","Length of time businesses or organizations expect to continue to operate at current revenue and expenditures, by business characteristics","2e05da06-5b0a-406b-af56-5f344f6d94e5","primary","as_needed",1
"Tue Apr 13 13:39:30 2021","dfo-mpo","Canadian Extreme Water Level Adaptation Tool (CAN-EWLAT)","a3edf193-5c56-4b38-bcc5-c8708c60ce38","fgp","as_needed",1
"Tue Apr 13 14:34:25 2021","dfo-mpo","Canadian Extreme Water Level Adaptation Tool (CAN-EWLAT)","a3edf193-5c56-4b38-bcc5-c8708c60ce38","fgp","as_needed",1
"Tue Apr 13 15:32:13 2021","dfo-mpo","Canadian Extreme Water Level Adaptation Tool (CAN-EWLAT)","a3edf193-5c56-4b38-bcc5-c8708c60ce38","fgp","as_needed",1
"Tue Apr 13 16:46:28 2021","dfo-mpo","Canadian Extreme Water Level Adaptation Tool (CAN-EWLAT)","a3edf193-5c56-4b38-bcc5-c8708c60ce38","fgp","as_needed",1
"Tue Apr 13 17:59:29 2021","dfo-mpo","Canadian Extreme Water Level Adaptation Tool (CAN-EWLAT)","a3edf193-5c56-4b38-bcc5-c8708c60ce38","fgp","as_needed",1
"Tue Apr 13 18:44:53 2021","dfo-mpo","Canadian Extreme Water Level Adaptation Tool (CAN-EWLAT)","a3edf193-5c56-4b38-bcc5-c8708c60ce38","fgp","as_needed",1
"Tue Apr 13 19:37:23 2021","dfo-mpo","Canadian Extreme Water Level Adaptation Tool (CAN-EWLAT)","a3edf193-5c56-4b38-bcc5-c8708c60ce38","fgp","as_needed",1
"Tue Apr 13 20:33:01 2021","dfo-mpo","Canadian Extreme Water Level Adaptation Tool (CAN-EWLAT)","a3edf193-5c56-4b38-bcc5-c8708c60ce38","fgp","as_needed",1
"Tue Apr 13 21:32:49 2021","dfo-mpo","Canadian Extreme Water Level Adaptation Tool (CAN-EWLAT)","a3edf193-5c56-4b38-bcc5-c8708c60ce38","fgp","as_needed",1
"Tue Apr 13 22:35:54 2021","dfo-mpo","Canadian Extreme Water Level Adaptation Tool (CAN-EWLAT)","a3edf193-5c56-4b38-bcc5-c8708c60ce38","fgp","as_needed",1
"Tue Apr 13 23:29:30 2021","dfo-mpo","Canadian Extreme Water Level Adaptation Tool (CAN-EWLAT)","a3edf193-5c56-4b38-bcc5-c8708c60ce38","fgp","as_needed",1
"Wed Apr 14 00:57:30 2021","dfo-mpo","Canadian Extreme Water Level Adaptation Tool (CAN-EWLAT)","a3edf193-5c56-4b38-bcc5-c8708c60ce38","fgp","as_needed",1
"Wed Apr 14 02:16:43 2021","dfo-mpo","Canadian Extreme Water Level Adaptation Tool (CAN-EWLAT)","a3edf193-5c56-4b38-bcc5-c8708c60ce38","fgp","as_needed",1
"Wed Apr 14 03:01:41 2021","dfo-mpo","Canadian Extreme Water Level Adaptation Tool (CAN-EWLAT)","a3edf193-5c56-4b38-bcc5-c8708c60ce38","fgp","as_needed",1
"Wed Apr 14 03:34:57 2021","dfo-mpo","Canadian Extreme Water Level Adaptation Tool (CAN-EWLAT)","a3edf193-5c56-4b38-bcc5-c8708c60ce38","fgp","as_needed",1
"Wed Apr 14 04:35:14 2021","dfo-mpo","Canadian Extreme Water Level Adaptation Tool (CAN-EWLAT)","a3edf193-5c56-4b38-bcc5-c8708c60ce38","fgp","as_needed",1
"Wed Apr 14 05:33:56 2021","dfo-mpo","Canadian Extreme Water Level Adaptation Tool (CAN-EWLAT)","a3edf193-5c56-4b38-bcc5-c8708c60ce38","fgp","as_needed",1
"Wed Apr 14 06:37:08 2021","dfo-mpo","Canadian Extreme Water Level Adaptation Tool (CAN-EWLAT)","a3edf193-5c56-4b38-bcc5-c8708c60ce38","fgp","as_needed",1
"Wed Apr 14 07:32:08 2021","dfo-mpo","Canadian Extreme Water Level Adaptation Tool (CAN-EWLAT)","a3edf193-5c56-4b38-bcc5-c8708c60ce38","fgp","as_needed",1
"Wed Apr 14 08:37:26 2021","dfo-mpo","Canadian Extreme Water Level Adaptation Tool (CAN-EWLAT)","a3edf193-5c56-4b38-bcc5-c8708c60ce38","fgp","as_needed",1
"Wed Apr 14 09:33:30 2021","dfo-mpo","Canadian Extreme Water Level Adaptation Tool (CAN-EWLAT)","a3edf193-5c56-4b38-bcc5-c8708c60ce38","fgp","as_needed",1
"Wed Apr 14 10:33:14 2021","dfo-mpo","Canadian Extreme Water Level Adaptation Tool (CAN-EWLAT)","a3edf193-5c56-4b38-bcc5-c8708c60ce38","fgp","as_needed",1
"Wed Apr 14 11:33:36 2021","dfo-mpo","Canadian Extreme Water Level Adaptation Tool (CAN-EWLAT)","a3edf193-5c56-4b38-bcc5-c8708c60ce38","fgp","as_needed",1
"Wed Apr 14 12:39:53 2021","statcan","Trucking financial statistics, by province and territory","afac9327-34c8-4ca1-9f64-03b7489cedfb","primary","P1Y",1
"Wed Apr 14 13:40:24 2021","statcan","Trucking financial statistics, by province and territory","afac9327-34c8-4ca1-9f64-03b7489cedfb","primary","P1Y",1
"Wed Apr 14 14:32:10 2021","statcan","Trucking financial statistics, by province and territory","afac9327-34c8-4ca1-9f64-03b7489cedfb","primary","P1Y",1
"Wed Apr 14 15:33:24 2021","statcan","Trucking financial statistics, by province and territory","afac9327-34c8-4ca1-9f64-03b7489cedfb","primary","P1Y",1
"Wed Apr 14 16:43:00 2021","statcan","Trucking financial statistics, by province and territory","afac9327-34c8-4ca1-9f64-03b7489cedfb","primary","P1Y",1
"Wed Apr 14 17:53:58 2021","statcan","Trucking financial statistics, by province and territory","afac9327-34c8-4ca1-9f64-03b7489cedfb","primary","P1Y",1
"Wed Apr 14 18:41:33 2021","statcan","Trucking financial statistics, by province and territory","afac9327-34c8-4ca1-9f64-03b7489cedfb","primary","P1Y",1
"Wed Apr 14 19:36:11 2021","statcan","Trucking financial statistics, by province and territory","afac9327-34c8-4ca1-9f64-03b7489cedfb","primary","P1Y",1
"Wed Apr 14 20:30:08 2021","statcan","Trucking financial statistics, by province and territory","afac9327-34c8-4ca1-9f64-03b7489cedfb","primary","P1Y",1
"Wed Apr 14 21:29:45 2021","statcan","Trucking financial statistics, by province and territory","afac9327-34c8-4ca1-9f64-03b7489cedfb","primary","P1Y",1
"Wed Apr 14 22:35:37 2021","statcan","Trucking financial statistics, by province and territory","afac9327-34c8-4ca1-9f64-03b7489cedfb","primary","P1Y",1
"Wed Apr 14 23:33:25 2021","statcan","Trucking financial statistics, by province and territory","afac9327-34c8-4ca1-9f64-03b7489cedfb","primary","P1Y",1
"Thu Apr 15 01:02:02 2021","statcan","Trucking financial statistics, by province and territory","afac9327-34c8-4ca1-9f64-03b7489cedfb","primary","P1Y",1
"Thu Apr 15 02:20:14 2021","statcan","Trucking financial statistics, by province and territory","afac9327-34c8-4ca1-9f64-03b7489cedfb","primary","P1Y",1
"Thu Apr 15 03:36:19 2021","statcan","Trucking financial statistics, by province and territory","afac9327-34c8-4ca1-9f64-03b7489cedfb","primary","P1Y",1
"Thu Apr 15 04:34:39 2021","statcan","Trucking financial statistics, by province and territory","afac9327-34c8-4ca1-9f64-03b7489cedfb","primary","P1Y",1
"Thu Apr 15 05:33:44 2021","statcan","Trucking financial statistics, by province and territory","afac9327-34c8-4ca1-9f64-03b7489cedfb","primary","P1Y",1
"Thu Apr 15 06:34:09 2021","statcan","Trucking financial statistics, by province and territory","afac9327-34c8-4ca1-9f64-03b7489cedfb","primary","P1Y",1
"Thu Apr 15 07:37:02 2021","statcan","Trucking financial statistics, by province and territory","afac9327-34c8-4ca1-9f64-03b7489cedfb","primary","P1Y",1
"Thu Apr 15 08:34:58 2021","statcan","Trucking financial statistics, by province and territory","afac9327-34c8-4ca1-9f64-03b7489cedfb","primary","P1Y",1
"Thu Apr 15 09:33:04 2021","statcan","Trucking financial statistics, by province and territory","afac9327-34c8-4ca1-9f64-03b7489cedfb","primary","P1Y",1
"Thu Apr 15 10:30:31 2021","statcan","Trucking financial statistics, by province and territory","afac9327-34c8-4ca1-9f64-03b7489cedfb","primary","P1Y",1
"Thu Apr 15 11:31:35 2021","statcan","Trucking financial statistics, by province and territory","afac9327-34c8-4ca1-9f64-03b7489cedfb","primary","P1Y",1
"Thu Apr 15 12:40:52 2021","statcan","Trucking financial statistics, by province and territory","afac9327-34c8-4ca1-9f64-03b7489cedfb","primary","P1Y",1
"Thu Apr 15 13:41:33 2021","statcan","Trucking financial statistics, by province and territory","afac9327-34c8-4ca1-9f64-03b7489cedfb","primary","P1Y",1
"Thu Apr 15 14:30:46 2021","statcan","Trucking financial statistics, by province and territory","afac9327-34c8-4ca1-9f64-03b7489cedfb","primary","P1Y",1
"Thu Apr 15 15:34:07 2021","statcan","Trucking financial statistics, by province and territory","afac9327-34c8-4ca1-9f64-03b7489cedfb","primary","P1Y",1
"Thu Apr 15 16:42:21 2021","psc-cfp","Briefing binder for the President of the Public Service Commission of Canada for the appearance before the Standing Committee on Official Languages - 2020-12-08","7f537f24-7289-4d88-8800-45954f71ad01","transition","not_planned",1
"Thu Apr 15 17:54:29 2021","psc-cfp","Briefing binder for the President of the Public Service Commission of Canada for the appearance before the Standing Committee on Official Languages - 2020-12-08","7f537f24-7289-4d88-8800-45954f71ad01","transition","not_planned",1
"Thu Apr 15 18:45:00 2021","psc-cfp","Briefing binder for the President of the Public Service Commission of Canada for the appearance before the Standing Committee on Official Languages - 2020-12-08","7f537f24-7289-4d88-8800-45954f71ad01","transition","not_planned",1
"Thu Apr 15 19:37:11 2021","psc-cfp","Briefing binder for the President of the Public Service Commission of Canada for the appearance before the Standing Committee on Official Languages - 2020-12-08","7f537f24-7289-4d88-8800-45954f71ad01","transition","not_planned",1
"Thu Apr 15 20:35:35 2021","psc-cfp","Briefing binder for the President of the Public Service Commission of Canada for the appearance before the Standing Committee on Official Languages - 2020-12-08","7f537f24-7289-4d88-8800-45954f71ad01","transition","not_planned",1
"Thu Apr 15 21:28:47 2021","psc-cfp","Briefing binder for the President of the Public Service Commission of Canada for the appearance before the Standing Committee on Official Languages - 2020-12-08","7f537f24-7289-4d88-8800-45954f71ad01","transition","not_planned",1
"Thu Apr 15 22:32:57 2021","psc-cfp","Briefing binder for the President of the Public Service Commission of Canada for the appearance before the Standing Committee on Official Languages - 2020-12-08","7f537f24-7289-4d88-8800-45954f71ad01","transition","not_planned",1
"Thu Apr 15 23:32:52 2021","psc-cfp","Briefing binder for the President of the Public Service Commission of Canada for the appearance before the Standing Committee on Official Languages - 2020-12-08","7f537f24-7289-4d88-8800-45954f71ad01","transition","not_planned",1
"Fri Apr 16 00:57:57 2021","psc-cfp","Briefing binder for the President of the Public Service Commission of Canada for the appearance before the Standing Committee on Official Languages - 2020-12-08","7f537f24-7289-4d88-8800-45954f71ad01","transition","not_planned",1
"Fri Apr 16 02:20:47 2021","psc-cfp","Briefing binder for the President of the Public Service Commission of Canada for the appearance before the Standing Committee on Official Languages - 2020-12-08","7f537f24-7289-4d88-8800-45954f71ad01","transition","not_planned",1
"Fri Apr 16 03:38:33 2021","psc-cfp","Briefing binder for the President of the Public Service Commission of Canada for the appearance before the Standing Committee on Official Languages - 2020-12-08","7f537f24-7289-4d88-8800-45954f71ad01","transition","not_planned",1
"Fri Apr 16 04:41:30 2021","psc-cfp","Briefing binder for the President of the Public Service Commission of Canada for the appearance before the Standing Committee on Official Languages - 2020-12-08","7f537f24-7289-4d88-8800-45954f71ad01","transition","not_planned",1
"Fri Apr 16 05:38:12 2021","psc-cfp","Briefing binder for the President of the Public Service Commission of Canada for the appearance before the Standing Committee on Official Languages - 2020-12-08","7f537f24-7289-4d88-8800-45954f71ad01","transition","not_planned",1
"Fri Apr 16 06:35:27 2021","psc-cfp","Briefing binder for the President of the Public Service Commission of Canada for the appearance before the Standing Committee on Official Languages - 2020-12-08","7f537f24-7289-4d88-8800-45954f71ad01","transition","not_planned",1
"Fri Apr 16 07:34:18 2021","psc-cfp","Briefing binder for the President of the Public Service Commission of Canada for the appearance before the Standing Committee on Official Languages - 2020-12-08","7f537f24-7289-4d88-8800-45954f71ad01","transition","not_planned",1
"Fri Apr 16 08:36:33 2021","psc-cfp","Briefing binder for the President of the Public Service Commission of Canada for the appearance before the Standing Committee on Official Languages - 2020-12-08","7f537f24-7289-4d88-8800-45954f71ad01","transition","not_planned",1
"Fri Apr 16 09:30:39 2021","psc-cfp","Briefing binder for the President of the Public Service Commission of Canada for the appearance before the Standing Committee on Official Languages - 2020-12-08","7f537f24-7289-4d88-8800-45954f71ad01","transition","not_planned",1
"Fri Apr 16 10:30:34 2021","psc-cfp","Briefing binder for the President of the Public Service Commission of Canada for the appearance before the Standing Committee on Official Languages - 2020-12-08","7f537f24-7289-4d88-8800-45954f71ad01","transition","not_planned",1
"Fri Apr 16 11:34:02 2021","psc-cfp","Briefing binder for the President of the Public Service Commission of Canada for the appearance before the Standing Committee on Official Languages - 2020-12-08","7f537f24-7289-4d88-8800-45954f71ad01","transition","not_planned",1
"Fri Apr 16 12:39:48 2021","psc-cfp","Briefing binder for the President of the Public Service Commission of Canada for the appearance before the Standing Committee on Official Languages - 2020-12-08","7f537f24-7289-4d88-8800-45954f71ad01","transition","not_planned",1
"Fri Apr 16 13:39:01 2021","psc-cfp","Briefing binder for the President of the Public Service Commission of Canada for the appearance before the Standing Committee on Official Languages - 2020-12-08","7f537f24-7289-4d88-8800-45954f71ad01","transition","not_planned",1
"Fri Apr 16 14:32:08 2021","psc-cfp","Briefing binder for the President of the Public Service Commission of Canada for the appearance before the Standing Committee on Official Languages - 2020-12-08","7f537f24-7289-4d88-8800-45954f71ad01","transition","not_planned",1
"Fri Apr 16 15:30:42 2021","psc-cfp","Briefing binder for the President of the Public Service Commission of Canada for the appearance before the Standing Committee on Official Languages - 2020-12-08","7f537f24-7289-4d88-8800-45954f71ad01","transition","not_planned",1
"Fri Apr 16 16:42:50 2021","polar-polaire","President’s transition binder","8ac2a02e-050f-4ba6-a518-2e41c9ebf534","transition_deputy","as_needed",1
"Fri Apr 16 17:55:39 2021","polar-polaire","President’s transition binder","8ac2a02e-050f-4ba6-a518-2e41c9ebf534","transition_deputy","as_needed",1
"Fri Apr 16 18:47:00 2021","polar-polaire","President’s transition binder","8ac2a02e-050f-4ba6-a518-2e41c9ebf534","transition_deputy","as_needed",1
"Fri Apr 16 19:34:55 2021","polar-polaire","President’s transition binder","8ac2a02e-050f-4ba6-a518-2e41c9ebf534","transition_deputy","as_needed",1
"Fri Apr 16 20:36:27 2021","polar-polaire","President’s transition binder","8ac2a02e-050f-4ba6-a518-2e41c9ebf534","transition_deputy","as_needed",1
"Fri Apr 16 21:32:13 2021","polar-polaire","President’s transition binder","8ac2a02e-050f-4ba6-a518-2e41c9ebf534","transition_deputy","as_needed",1
"Fri Apr 16 22:34:43 2021","polar-polaire","President’s transition binder","8ac2a02e-050f-4ba6-a518-2e41c9ebf534","transition_deputy","as_needed",1
"Fri Apr 16 23:34:31 2021","polar-polaire","President’s transition binder","8ac2a02e-050f-4ba6-a518-2e41c9ebf534","transition_deputy","as_needed",1
"Sat Apr 17 01:01:29 2021","polar-polaire","President’s transition binder","8ac2a02e-050f-4ba6-a518-2e41c9ebf534","transition_deputy","as_needed",1
"Sat Apr 17 02:18:22 2021","polar-polaire","President’s transition binder","8ac2a02e-050f-4ba6-a518-2e41c9ebf534","transition_deputy","as_needed",1
"Sat Apr 17 03:00:18 2021","polar-polaire","President’s transition binder","8ac2a02e-050f-4ba6-a518-2e41c9ebf534","transition_deputy","as_needed",1
"Sat Apr 17 03:37:51 2021","polar-polaire","President’s transition binder","8ac2a02e-050f-4ba6-a518-2e41c9ebf534","transition_deputy","as_needed",1
"Sat Apr 17 04:35:26 2021","polar-polaire","President’s transition binder","8ac2a02e-050f-4ba6-a518-2e41c9ebf534","transition_deputy","as_needed",1
"Sat Apr 17 05:33:40 2021","polar-polaire","President’s transition binder","8ac2a02e-050f-4ba6-a518-2e41c9ebf534","transition_deputy","as_needed",1
"Sat Apr 17 06:35:37 2021","polar-polaire","President’s transition binder","8ac2a02e-050f-4ba6-a518-2e41c9ebf534","transition_deputy","as_needed",1
"Sat Apr 17 07:36:54 2021","polar-polaire","President’s transition binder","8ac2a02e-050f-4ba6-a518-2e41c9ebf534","transition_deputy","as_needed",1
"Sat Apr 17 08:32:45 2021","polar-polaire","President’s transition binder","8ac2a02e-050f-4ba6-a518-2e41c9ebf534","transition_deputy","as_needed",1
"Sat Apr 17 09:31:30 2021","polar-polaire","President’s transition binder","8ac2a02e-050f-4ba6-a518-2e41c9ebf534","transition_deputy","as_needed",1
"Sat Apr 17 10:31:32 2021","polar-polaire","President’s transition binder","8ac2a02e-050f-4ba6-a518-2e41c9ebf534","transition_deputy","as_needed",1
"Sat Apr 17 11:28:31 2021","polar-polaire","President’s transition binder","8ac2a02e-050f-4ba6-a518-2e41c9ebf534","transition_deputy","as_needed",1
"Sat Apr 17 12:39:16 2021","polar-polaire","President’s transition binder","8ac2a02e-050f-4ba6-a518-2e41c9ebf534","transition_deputy","as_needed",1
"Sat Apr 17 13:35:52 2021","polar-polaire","President’s transition binder","8ac2a02e-050f-4ba6-a518-2e41c9ebf534","transition_deputy","as_needed",1
"Sat Apr 17 14:31:55 2021","polar-polaire","President’s transition binder","8ac2a02e-050f-4ba6-a518-2e41c9ebf534","transition_deputy","as_needed",1
"Sat Apr 17 15:32:13 2021","polar-polaire","President’s transition binder","8ac2a02e-050f-4ba6-a518-2e41c9ebf534","transition_deputy","as_needed",1
"Sat Apr 17 16:42:52 2021","polar-polaire","President’s transition binder","8ac2a02e-050f-4ba6-a518-2e41c9ebf534","transition_deputy","as_needed",1
"Sat Apr 17 17:57:02 2021","polar-polaire","President’s transition binder","8ac2a02e-050f-4ba6-a518-2e41c9ebf534","transition_deputy","as_needed",1
"Sat Apr 17 18:41:35 2021","polar-polaire","President’s transition binder","8ac2a02e-050f-4ba6-a518-2e41c9ebf534","transition_deputy","as_needed",1
"Sat Apr 17 19:32:50 2021","polar-polaire","President’s transition binder","8ac2a02e-050f-4ba6-a518-2e41c9ebf534","transition_deputy","as_needed",1
"Sat Apr 17 20:29:57 2021","polar-polaire","President’s transition binder","8ac2a02e-050f-4ba6-a518-2e41c9ebf534","transition_deputy","as_needed",1
"Sat Apr 17 21:31:33 2021","polar-polaire","President’s transition binder","8ac2a02e-050f-4ba6-a518-2e41c9ebf534","transition_deputy","as_needed",1
"Sat Apr 17 22:34:37 2021","polar-polaire","President’s transition binder","8ac2a02e-050f-4ba6-a518-2e41c9ebf534","transition_deputy","as_needed",1
"Sat Apr 17 23:32:29 2021","polar-polaire","President’s transition binder","8ac2a02e-050f-4ba6-a518-2e41c9ebf534","transition_deputy","as_needed",1
"Sun Apr 18 01:04:35 2021","polar-polaire","President’s transition binder","8ac2a02e-050f-4ba6-a518-2e41c9ebf534","transition_deputy","as_needed",1
"Sun Apr 18 02:20:36 2021","polar-polaire","President’s transition binder","8ac2a02e-050f-4ba6-a518-2e41c9ebf534","transition_deputy","as_needed",1
"Sun Apr 18 03:39:42 2021","polar-polaire","President’s transition binder","8ac2a02e-050f-4ba6-a518-2e41c9ebf534","transition_deputy","as_needed",1
"Sun Apr 18 04:37:06 2021","polar-polaire","President’s transition binder","8ac2a02e-050f-4ba6-a518-2e41c9ebf534","transition_deputy","as_needed",1
"Sun Apr 18 05:38:28 2021","polar-polaire","President’s transition binder","8ac2a02e-050f-4ba6-a518-2e41c9ebf534","transition_deputy","as_needed",1
"Sun Apr 18 06:32:45 2021","polar-polaire","President’s transition binder","8ac2a02e-050f-4ba6-a518-2e41c9ebf534","transition_deputy","as_needed",1
"Sun Apr 18 07:35:33 2021","polar-polaire","President’s transition binder","8ac2a02e-050f-4ba6-a518-2e41c9ebf534","transition_deputy","as_needed",1
"Sun Apr 18 08:36:01 2021","polar-polaire","President’s transition binder","8ac2a02e-050f-4ba6-a518-2e41c9ebf534","transition_deputy","as_needed",1
"Sun Apr 18 09:31:21 2021","polar-polaire","President’s transition binder","8ac2a02e-050f-4ba6-a518-2e41c9ebf534","transition_deputy","as_needed",1
"Sun Apr 18 10:33:03 2021","polar-polaire","President’s transition binder","8ac2a02e-050f-4ba6-a518-2e41c9ebf534","transition_deputy","as_needed",1
"Sun Apr 18 11:31:15 2021","polar-polaire","President’s transition binder","8ac2a02e-050f-4ba6-a518-2e41c9ebf534","transition_deputy","as_needed",1
"Sun Apr 18 12:36:48 2021","polar-polaire","President’s transition binder","8ac2a02e-050f-4ba6-a518-2e41c9ebf534","transition_deputy","as_needed",1
"Sun Apr 18 13:36:19 2021","polar-polaire","President’s transition binder","8ac2a02e-050f-4ba6-a518-2e41c9ebf534","transition_deputy","as_needed",1
"Sun Apr 18 14:33:55 2021","polar-polaire","President’s transition binder","8ac2a02e-050f-4ba6-a518-2e41c9ebf534","transition_deputy","as_needed",1
"Sun Apr 18 15:33:23 2021","polar-polaire","President’s transition binder","8ac2a02e-050f-4ba6-a518-2e41c9ebf534","transition_deputy","as_needed",1
"Sun Apr 18 16:39:05 2021","polar-polaire","President’s transition binder","8ac2a02e-050f-4ba6-a518-2e41c9ebf534","transition_deputy","as_needed",1
"Sun Apr 18 17:51:42 2021","polar-polaire","President’s transition binder","8ac2a02e-050f-4ba6-a518-2e41c9ebf534","transition_deputy","as_needed",1
"Sun Apr 18 18:46:40 2021","polar-polaire","President’s transition binder","8ac2a02e-050f-4ba6-a518-2e41c9ebf534","transition_deputy","as_needed",1
"Sun Apr 18 19:36:35 2021","polar-polaire","President’s transition binder","8ac2a02e-050f-4ba6-a518-2e41c9ebf534","transition_deputy","as_needed",1
"Sun Apr 18 20:31:08 2021","polar-polaire","President’s transition binder","8ac2a02e-050f-4ba6-a518-2e41c9ebf534","transition_deputy","as_needed",1
"Sun Apr 18 21:30:43 2021","polar-polaire","President’s transition binder","8ac2a02e-050f-4ba6-a518-2e41c9ebf534","transition_deputy","as_needed",1
"Sun Apr 18 22:32:59 2021","polar-polaire","President’s transition binder","8ac2a02e-050f-4ba6-a518-2e41c9ebf534","transition_deputy","as_needed",1
"Sun Apr 18 23:31:31 2021","polar-polaire","President’s transition binder","8ac2a02e-050f-4ba6-a518-2e41c9ebf534","transition_deputy","as_needed",1
"Mon Apr 19 01:04:13 2021","polar-polaire","President’s transition binder","8ac2a02e-050f-4ba6-a518-2e41c9ebf534","transition_deputy","as_needed",1
"Mon Apr 19 02:22:06 2021","polar-polaire","President’s transition binder","8ac2a02e-050f-4ba6-a518-2e41c9ebf534","transition_deputy","as_needed",1
"Mon Apr 19 03:39:51 2021","polar-polaire","President’s transition binder","8ac2a02e-050f-4ba6-a518-2e41c9ebf534","transition_deputy","as_needed",1
"Mon Apr 19 04:35:22 2021","polar-polaire","President’s transition binder","8ac2a02e-050f-4ba6-a518-2e41c9ebf534","transition_deputy","as_needed",1
"Mon Apr 19 05:40:40 2021","polar-polaire","President’s transition binder","8ac2a02e-050f-4ba6-a518-2e41c9ebf534","transition_deputy","as_needed",1
"Mon Apr 19 06:34:02 2021","polar-polaire","President’s transition binder","8ac2a02e-050f-4ba6-a518-2e41c9ebf534","transition_deputy","as_needed",1
"Mon Apr 19 07:34:05 2021","polar-polaire","President’s transition binder","8ac2a02e-050f-4ba6-a518-2e41c9ebf534","transition_deputy","as_needed",1
"Mon Apr 19 08:36:25 2021","polar-polaire","President’s transition binder","8ac2a02e-050f-4ba6-a518-2e41c9ebf534","transition_deputy","as_needed",1
"Mon Apr 19 09:33:53 2021","polar-polaire","President’s transition binder","8ac2a02e-050f-4ba6-a518-2e41c9ebf534","transition_deputy","as_needed",1
"Mon Apr 19 10:33:46 2021","polar-polaire","President’s transition binder","8ac2a02e-050f-4ba6-a518-2e41c9ebf534","transition_deputy","as_needed",1
"Mon Apr 19 11:30:10 2021","dfo-mpo","Optical, chemical, and biological oceanographic conditions on the Scotian Shelf and in the eastern Gulf of Maine in 2019","498ad021-92af-431c-80c6-bc2781c320f3","fgp","as_needed",1
"Mon Apr 19 12:37:01 2021","dfo-mpo","Optical, chemical, and biological oceanographic conditions on the Scotian Shelf and in the eastern Gulf of Maine in 2019","498ad021-92af-431c-80c6-bc2781c320f3","fgp","as_needed",1
"Mon Apr 19 13:42:55 2021","dfo-mpo","Optical, chemical, and biological oceanographic conditions on the Scotian Shelf and in the eastern Gulf of Maine in 2019","498ad021-92af-431c-80c6-bc2781c320f3","fgp","as_needed",1
"Mon Apr 19 14:35:16 2021","dfo-mpo","Optical, chemical, and biological oceanographic conditions on the Scotian Shelf and in the eastern Gulf of Maine in 2019","498ad021-92af-431c-80c6-bc2781c320f3","fgp","as_needed",1
"Mon Apr 19 15:33:03 2021","dfo-mpo","Optical, chemical, and biological oceanographic conditions on the Scotian Shelf and in the eastern Gulf of Maine in 2019","498ad021-92af-431c-80c6-bc2781c320f3","fgp","as_needed",1
"Mon Apr 19 16:45:50 2021","dfo-mpo","Optical, chemical, and biological oceanographic conditions on the Scotian Shelf and in the eastern Gulf of Maine in 2019","498ad021-92af-431c-80c6-bc2781c320f3","fgp","as_needed",1
"Mon Apr 19 17:52:54 2021","dfo-mpo","Optical, chemical, and biological oceanographic conditions on the Scotian Shelf and in the eastern Gulf of Maine in 2019","498ad021-92af-431c-80c6-bc2781c320f3","fgp","as_needed",1
"Mon Apr 19 18:41:25 2021","dfo-mpo","Optical, chemical, and biological oceanographic conditions on the Scotian Shelf and in the eastern Gulf of Maine in 2019","498ad021-92af-431c-80c6-bc2781c320f3","fgp","as_needed",1
"Mon Apr 19 19:32:21 2021","dfo-mpo","Optical, chemical, and biological oceanographic conditions on the Scotian Shelf and in the eastern Gulf of Maine in 2019","498ad021-92af-431c-80c6-bc2781c320f3","fgp","as_needed",1
"Mon Apr 19 20:31:16 2021","dfo-mpo","Optical, chemical, and biological oceanographic conditions on the Scotian Shelf and in the eastern Gulf of Maine in 2019","498ad021-92af-431c-80c6-bc2781c320f3","fgp","as_needed",1
"Mon Apr 19 21:31:20 2021","dfo-mpo","Optical, chemical, and biological oceanographic conditions on the Scotian Shelf and in the eastern Gulf of Maine in 2019","498ad021-92af-431c-80c6-bc2781c320f3","fgp","as_needed",1
"Mon Apr 19 22:36:15 2021","dfo-mpo","Optical, chemical, and biological oceanographic conditions on the Scotian Shelf and in the eastern Gulf of Maine in 2019","498ad021-92af-431c-80c6-bc2781c320f3","fgp","as_needed",1
"Mon Apr 19 23:33:14 2021","dfo-mpo","Optical, chemical, and biological oceanographic conditions on the Scotian Shelf and in the eastern Gulf of Maine in 2019","498ad021-92af-431c-80c6-bc2781c320f3","fgp","as_needed",1
"Tue Apr 20 01:02:52 2021","dfo-mpo","Optical, chemical, and biological oceanographic conditions on the Scotian Shelf and in the eastern Gulf of Maine in 2019","498ad021-92af-431c-80c6-bc2781c320f3","fgp","as_needed",1
"Tue Apr 20 02:21:20 2021","dfo-mpo","Optical, chemical, and biological oceanographic conditions on the Scotian Shelf and in the eastern Gulf of Maine in 2019","498ad021-92af-431c-80c6-bc2781c320f3","fgp","as_needed",1
"Tue Apr 20 03:40:02 2021","dfo-mpo","Optical, chemical, and biological oceanographic conditions on the Scotian Shelf and in the eastern Gulf of Maine in 2019","498ad021-92af-431c-80c6-bc2781c320f3","fgp","as_needed",1
"Tue Apr 20 04:37:07 2021","dfo-mpo","Optical, chemical, and biological oceanographic conditions on the Scotian Shelf and in the eastern Gulf of Maine in 2019","498ad021-92af-431c-80c6-bc2781c320f3","fgp","as_needed",1
"Tue Apr 20 05:34:56 2021","dfo-mpo","Optical, chemical, and biological oceanographic conditions on the Scotian Shelf and in the eastern Gulf of Maine in 2019","498ad021-92af-431c-80c6-bc2781c320f3","fgp","as_needed",1
"Tue Apr 20 06:40:48 2021","dfo-mpo","Optical, chemical, and biological oceanographic conditions on the Scotian Shelf and in the eastern Gulf of Maine in 2019","498ad021-92af-431c-80c6-bc2781c320f3","fgp","as_needed",1
"Tue Apr 20 07:32:59 2021","dfo-mpo","Optical, chemical, and biological oceanographic conditions on the Scotian Shelf and in the eastern Gulf of Maine in 2019","498ad021-92af-431c-80c6-bc2781c320f3","fgp","as_needed",1
"Tue Apr 20 08:32:54 2021","dfo-mpo","Optical, chemical, and biological oceanographic conditions on the Scotian Shelf and in the eastern Gulf of Maine in 2019","498ad021-92af-431c-80c6-bc2781c320f3","fgp","as_needed",1
"Tue Apr 20 09:32:31 2021","dfo-mpo","Optical, chemical, and biological oceanographic conditions on the Scotian Shelf and in the eastern Gulf of Maine in 2019","498ad021-92af-431c-80c6-bc2781c320f3","fgp","as_needed",1
"Tue Apr 20 10:35:53 2021","dfo-mpo","Optical, chemical, and biological oceanographic conditions on the Scotian Shelf and in the eastern Gulf of Maine in 2019","498ad021-92af-431c-80c6-bc2781c320f3","fgp","as_needed",1
"Tue Apr 20 11:32:19 2021","dfo-mpo","Optical, chemical, and biological oceanographic conditions on the Scotian Shelf and in the eastern Gulf of Maine in 2019","498ad021-92af-431c-80c6-bc2781c320f3","fgp","as_needed",1
"Tue Apr 20 12:39:58 2021","dfo-mpo","Optical, chemical, and biological oceanographic conditions on the Scotian Shelf and in the eastern Gulf of Maine in 2019","498ad021-92af-431c-80c6-bc2781c320f3","fgp","as_needed",1
"Tue Apr 20 13:43:22 2021","dfo-mpo","Optical, chemical, and biological oceanographic conditions on the Scotian Shelf and in the eastern Gulf of Maine in 2019","498ad021-92af-431c-80c6-bc2781c320f3","fgp","as_needed",1
"Tue Apr 20 14:34:06 2021","dfo-mpo","Optical, chemical, and biological oceanographic conditions on the Scotian Shelf and in the eastern Gulf of Maine in 2019","498ad021-92af-431c-80c6-bc2781c320f3","fgp","as_needed",1
"Tue Apr 20 15:34:57 2021","nb","Parishes","fb89d5e8-2216-5bd9-5e69-d604f6fa5076","fgp","unknown",1
"Tue Apr 20 16:39:56 2021","nb","Parishes","fb89d5e8-2216-5bd9-5e69-d604f6fa5076","fgp","unknown",1
"Tue Apr 20 17:51:36 2021","nb","Parishes","fb89d5e8-2216-5bd9-5e69-d604f6fa5076","fgp","unknown",1
"Tue Apr 20 18:45:02 2021","nb","Parishes","fb89d5e8-2216-5bd9-5e69-d604f6fa5076","fgp","unknown",1
"Tue Apr 20 19:36:24 2021","nb","Parishes","fb89d5e8-2216-5bd9-5e69-d604f6fa5076","fgp","unknown",1
"Tue Apr 20 20:32:25 2021","nb","Parishes","fb89d5e8-2216-5bd9-5e69-d604f6fa5076","fgp","unknown",1
"Tue Apr 20 21:31:27 2021","nb","Parishes","fb89d5e8-2216-5bd9-5e69-d604f6fa5076","fgp","unknown",1
"Tue Apr 20 22:36:34 2021","nb","Parishes","fb89d5e8-2216-5bd9-5e69-d604f6fa5076","fgp","unknown",1
"Tue Apr 20 23:35:31 2021","nb","Parishes","fb89d5e8-2216-5bd9-5e69-d604f6fa5076","fgp","unknown",1
"Wed Apr 21 01:00:16 2021","nb","Parishes","fb89d5e8-2216-5bd9-5e69-d604f6fa5076","fgp","unknown",1
"Wed Apr 21 02:21:02 2021","nb","Parishes","fb89d5e8-2216-5bd9-5e69-d604f6fa5076","fgp","unknown",1
"Wed Apr 21 03:39:20 2021","nb","Parishes","fb89d5e8-2216-5bd9-5e69-d604f6fa5076","fgp","unknown",1
"Wed Apr 21 04:38:34 2021","nb","Parishes","fb89d5e8-2216-5bd9-5e69-d604f6fa5076","fgp","unknown",1
"Wed Apr 21 05:38:39 2021","nb","Parishes","fb89d5e8-2216-5bd9-5e69-d604f6fa5076","fgp","unknown",1
"Wed Apr 21 06:35:11 2021","nb","Parishes","fb89d5e8-2216-5bd9-5e69-d604f6fa5076","fgp","unknown",1
"Wed Apr 21 08:36:30 2021","nb","Parishes","fb89d5e8-2216-5bd9-5e69-d604f6fa5076","fgp","unknown",1
"Wed Apr 21 09:34:51 2021","nb","Parishes","fb89d5e8-2216-5bd9-5e69-d604f6fa5076","fgp","unknown",1
"Wed Apr 21 10:30:51 2021","nb","Parishes","fb89d5e8-2216-5bd9-5e69-d604f6fa5076","fgp","unknown",1
"Wed Apr 21 11:27:24 2021","nb","Parishes","fb89d5e8-2216-5bd9-5e69-d604f6fa5076","fgp","unknown",1
"Wed Apr 21 12:40:07 2021","nb","Parishes","fb89d5e8-2216-5bd9-5e69-d604f6fa5076","fgp","unknown",1
"Wed Apr 21 13:44:15 2021","nb","Parishes","fb89d5e8-2216-5bd9-5e69-d604f6fa5076","fgp","unknown",1
"Wed Apr 21 14:34:23 2021","nb","Parishes","fb89d5e8-2216-5bd9-5e69-d604f6fa5076","fgp","unknown",1
"Wed Apr 21 15:32:51 2021","nb","Parishes","fb89d5e8-2216-5bd9-5e69-d604f6fa5076","fgp","unknown",1
"Wed Apr 21 16:44:50 2021","nb","Parishes","fb89d5e8-2216-5bd9-5e69-d604f6fa5076","fgp","unknown",1
"Wed Apr 21 17:56:06 2021","nb","Parishes","fb89d5e8-2216-5bd9-5e69-d604f6fa5076","fgp","unknown",1
"Wed Apr 21 18:44:39 2021","elections","Briefing package for the Chief Electoral Officer’s appearance on the Main Estimates 2020-2021 (2020-21)","97f5c4f3-e674-4857-b1ee-ddc802881e1d","publication","as_needed",1
"Wed Apr 21 19:37:36 2021","elections","Briefing package for the Chief Electoral Officer’s appearance on the Main Estimates 2020-2021 (2020-21)","97f5c4f3-e674-4857-b1ee-ddc802881e1d","publication","as_needed",1
"Wed Apr 21 20:36:01 2021","elections","Briefing package for the Chief Electoral Officer’s appearance on the Main Estimates 2020-2021 (2020-21)","97f5c4f3-e674-4857-b1ee-ddc802881e1d","publication","as_needed",1
"Wed Apr 21 21:33:21 2021","elections","Briefing package for the Chief Electoral Officer’s appearance on the Main Estimates 2020-2021 (2020-21)","97f5c4f3-e674-4857-b1ee-ddc802881e1d","publication","as_needed",1
"Wed Apr 21 22:33:05 2021","elections","Briefing package for the Chief Electoral Officer’s appearance on the Main Estimates 2020-2021 (2020-21)","97f5c4f3-e674-4857-b1ee-ddc802881e1d","publication","as_needed",1
"Wed Apr 21 23:33:36 2021","elections","Briefing package for the Chief Electoral Officer’s appearance on the Main Estimates 2020-2021 (2020-21)","97f5c4f3-e674-4857-b1ee-ddc802881e1d","publication","as_needed",1
"Thu Apr 22 01:03:48 2021","elections","Briefing package for the Chief Electoral Officer’s appearance on the Main Estimates 2020-2021 (2020-21)","97f5c4f3-e674-4857-b1ee-ddc802881e1d","publication","as_needed",1
"Thu Apr 22 02:24:20 2021","elections","Briefing package for the Chief Electoral Officer’s appearance on the Main Estimates 2020-2021 (2020-21)","97f5c4f3-e674-4857-b1ee-ddc802881e1d","publication","as_needed",1
"Thu Apr 22 03:40:42 2021","elections","Briefing package for the Chief Electoral Officer’s appearance on the Main Estimates 2020-2021 (2020-21)","97f5c4f3-e674-4857-b1ee-ddc802881e1d","publication","as_needed",1
"Thu Apr 22 04:34:34 2021","elections","Briefing package for the Chief Electoral Officer’s appearance on the Main Estimates 2020-2021 (2020-21)","97f5c4f3-e674-4857-b1ee-ddc802881e1d","publication","as_needed",1
"Thu Apr 22 05:37:50 2021","elections","Briefing package for the Chief Electoral Officer’s appearance on the Main Estimates 2020-2021 (2020-21)","97f5c4f3-e674-4857-b1ee-ddc802881e1d","publication","as_needed",1
"Thu Apr 22 06:37:33 2021","elections","Briefing package for the Chief Electoral Officer’s appearance on the Main Estimates 2020-2021 (2020-21)","97f5c4f3-e674-4857-b1ee-ddc802881e1d","publication","as_needed",1
"Thu Apr 22 07:41:14 2021","elections","Briefing package for the Chief Electoral Officer’s appearance on the Main Estimates 2020-2021 (2020-21)","97f5c4f3-e674-4857-b1ee-ddc802881e1d","publication","as_needed",1
"Thu Apr 22 08:38:34 2021","elections","Briefing package for the Chief Electoral Officer’s appearance on the Main Estimates 2020-2021 (2020-21)","97f5c4f3-e674-4857-b1ee-ddc802881e1d","publication","as_needed",1
"Thu Apr 22 09:35:46 2021","elections","Briefing package for the Chief Electoral Officer’s appearance on the Main Estimates 2020-2021 (2020-21)","97f5c4f3-e674-4857-b1ee-ddc802881e1d","publication","as_needed",1
"Thu Apr 22 10:34:54 2021","elections","Briefing package for the Chief Electoral Officer’s appearance on the Main Estimates 2020-2021 (2020-21)","97f5c4f3-e674-4857-b1ee-ddc802881e1d","publication","as_needed",1
"Thu Apr 22 11:29:00 2021","elections","Briefing package for the Chief Electoral Officer’s appearance on the Main Estimates 2020-2021 (2020-21)","97f5c4f3-e674-4857-b1ee-ddc802881e1d","publication","as_needed",1
"Thu Apr 22 12:41:06 2021","elections","Briefing package for the Chief Electoral Officer’s appearance on the Main Estimates 2020-2021 (2020-21)","97f5c4f3-e674-4857-b1ee-ddc802881e1d","publication","as_needed",1
"Thu Apr 22 13:40:31 2021","elections","Briefing package for the Chief Electoral Officer’s appearance on the Main Estimates 2020-2021 (2020-21)","97f5c4f3-e674-4857-b1ee-ddc802881e1d","publication","as_needed",1
"Thu Apr 22 14:29:42 2021","elections","Briefing package for the Chief Electoral Officer’s appearance on the Main Estimates 2020-2021 (2020-21)","97f5c4f3-e674-4857-b1ee-ddc802881e1d","publication","as_needed",1
"Thu Apr 22 15:31:42 2021","elections","Briefing package for the Chief Electoral Officer’s appearance on the Main Estimates 2020-2021 (2020-21)","97f5c4f3-e674-4857-b1ee-ddc802881e1d","publication","as_needed",1
"Thu Apr 22 16:40:50 2021","elections","Briefing package for the Chief Electoral Officer’s appearance on the Main Estimates 2020-2021 (2020-21)","97f5c4f3-e674-4857-b1ee-ddc802881e1d","publication","as_needed",1
"Thu Apr 22 17:58:12 2021","elections","Briefing package for the Chief Electoral Officer’s appearance on the Main Estimates 2020-2021 (2020-21)","97f5c4f3-e674-4857-b1ee-ddc802881e1d","publication","as_needed",1
"Thu Apr 22 18:47:03 2021","elections","Briefing package for the Chief Electoral Officer’s appearance on the Main Estimates 2020-2021 (2020-21)","97f5c4f3-e674-4857-b1ee-ddc802881e1d","publication","as_needed",1
"Thu Apr 22 19:36:34 2021","elections","Briefing package for the Chief Electoral Officer’s appearance on the Main Estimates 2020-2021 (2020-21)","97f5c4f3-e674-4857-b1ee-ddc802881e1d","publication","as_needed",1
"Thu Apr 22 20:31:16 2021","elections","Briefing package for the Chief Electoral Officer’s appearance on the Main Estimates 2020-2021 (2020-21)","97f5c4f3-e674-4857-b1ee-ddc802881e1d","publication","as_needed",1
"Thu Apr 22 21:35:01 2021","elections","Briefing package for the Chief Electoral Officer’s appearance on the Main Estimates 2020-2021 (2020-21)","97f5c4f3-e674-4857-b1ee-ddc802881e1d","publication","as_needed",1
"Thu Apr 22 22:33:51 2021","elections","Briefing package for the Chief Electoral Officer’s appearance on the Main Estimates 2020-2021 (2020-21)","97f5c4f3-e674-4857-b1ee-ddc802881e1d","publication","as_needed",1
"Thu Apr 22 23:32:24 2021","elections","Briefing package for the Chief Electoral Officer’s appearance on the Main Estimates 2020-2021 (2020-21)","97f5c4f3-e674-4857-b1ee-ddc802881e1d","publication","as_needed",1
"Fri Apr 23 01:04:26 2021","elections","Briefing package for the Chief Electoral Officer’s appearance on the Main Estimates 2020-2021 (2020-21)","97f5c4f3-e674-4857-b1ee-ddc802881e1d","publication","as_needed",1
"Fri Apr 23 02:28:27 2021","elections","Briefing package for the Chief Electoral Officer’s appearance on the Main Estimates 2020-2021 (2020-21)","97f5c4f3-e674-4857-b1ee-ddc802881e1d","publication","as_needed",1
"Fri Apr 23 03:38:12 2021","elections","Briefing package for the Chief Electoral Officer’s appearance on the Main Estimates 2020-2021 (2020-21)","97f5c4f3-e674-4857-b1ee-ddc802881e1d","publication","as_needed",1
"Fri Apr 23 04:35:19 2021","elections","Briefing package for the Chief Electoral Officer’s appearance on the Main Estimates 2020-2021 (2020-21)","97f5c4f3-e674-4857-b1ee-ddc802881e1d","publication","as_needed",1
"Fri Apr 23 05:35:51 2021","elections","Briefing package for the Chief Electoral Officer’s appearance on the Main Estimates 2020-2021 (2020-21)","97f5c4f3-e674-4857-b1ee-ddc802881e1d","publication","as_needed",1
"Fri Apr 23 06:34:20 2021","elections","Briefing package for the Chief Electoral Officer’s appearance on the Main Estimates 2020-2021 (2020-21)","97f5c4f3-e674-4857-b1ee-ddc802881e1d","publication","as_needed",1
"Fri Apr 23 07:38:42 2021","elections","Briefing package for the Chief Electoral Officer’s appearance on the Main Estimates 2020-2021 (2020-21)","97f5c4f3-e674-4857-b1ee-ddc802881e1d","publication","as_needed",1
"Fri Apr 23 08:37:26 2021","elections","Briefing package for the Chief Electoral Officer’s appearance on the Main Estimates 2020-2021 (2020-21)","97f5c4f3-e674-4857-b1ee-ddc802881e1d","publication","as_needed",1
"Fri Apr 23 09:37:20 2021","elections","Briefing package for the Chief Electoral Officer’s appearance on the Main Estimates 2020-2021 (2020-21)","97f5c4f3-e674-4857-b1ee-ddc802881e1d","publication","as_needed",1
"Fri Apr 23 10:31:40 2021","elections","Briefing package for the Chief Electoral Officer’s appearance on the Main Estimates 2020-2021 (2020-21)","97f5c4f3-e674-4857-b1ee-ddc802881e1d","publication","as_needed",1
"Fri Apr 23 11:31:22 2021","elections","Briefing package for the Chief Electoral Officer’s appearance on the Main Estimates 2020-2021 (2020-21)","97f5c4f3-e674-4857-b1ee-ddc802881e1d","publication","as_needed",1
"Fri Apr 23 12:41:11 2021","elections","Briefing package for the Chief Electoral Officer’s appearance on the Main Estimates 2020-2021 (2020-21)","97f5c4f3-e674-4857-b1ee-ddc802881e1d","publication","as_needed",1
"Fri Apr 23 13:39:14 2021","esdc-edsc","HUMA committee binder: Minister of Employment, Workforce Development and Disability Inclusion - November 4, 2020","c0027721-49b6-4384-a283-70b40c2b514d","parliament_committee","not_planned",1
"Fri Apr 23 14:32:54 2021","esdc-edsc","HUMA committee binder: Minister of Employment, Workforce Development and Disability Inclusion - November 4, 2020","c0027721-49b6-4384-a283-70b40c2b514d","parliament_committee","not_planned",1
"Fri Apr 23 15:36:05 2021","cnsc-ccsn","Environmental Protection Review Report Summary Blind River Refinery","9c115333-2730-4b99-b94c-4069b695d0f3","publication","as_needed",1
"Fri Apr 23 16:45:00 2021","cnsc-ccsn","Environmental Protection Review Report Summary Blind River Refinery","9c115333-2730-4b99-b94c-4069b695d0f3","publication","as_needed",1
"Fri Apr 23 18:49:25 2021","cnsc-ccsn","Environmental Protection Review Report Summary Blind River Refinery","9c115333-2730-4b99-b94c-4069b695d0f3","publication","as_needed",1
"Fri Apr 23 19:40:41 2021","cnsc-ccsn","Environmental Protection Review Report Summary Blind River Refinery","9c115333-2730-4b99-b94c-4069b695d0f3","publication","as_needed",1
"Fri Apr 23 20:32:13 2021","cnsc-ccsn","Environmental Protection Review Report Summary Blind River Refinery","9c115333-2730-4b99-b94c-4069b695d0f3","publication","as_needed",1
"Fri Apr 23 21:34:09 2021","cnsc-ccsn","Environmental Protection Review Report Summary Blind River Refinery","9c115333-2730-4b99-b94c-4069b695d0f3","publication","as_needed",1
"Fri Apr 23 22:34:17 2021","cnsc-ccsn","Environmental Protection Review Report Summary Blind River Refinery","9c115333-2730-4b99-b94c-4069b695d0f3","publication","as_needed",1
"Fri Apr 23 23:34:59 2021","cnsc-ccsn","Environmental Protection Review Report Summary Blind River Refinery","9c115333-2730-4b99-b94c-4069b695d0f3","publication","as_needed",1
"Sat Apr 24 01:01:36 2021","cnsc-ccsn","Environmental Protection Review Report Summary Blind River Refinery","9c115333-2730-4b99-b94c-4069b695d0f3","publication","as_needed",1
"Sat Apr 24 02:25:30 2021","cnsc-ccsn","Environmental Protection Review Report Summary Blind River Refinery","9c115333-2730-4b99-b94c-4069b695d0f3","publication","as_needed",1
"Sat Apr 24 03:38:14 2021","cnsc-ccsn","Environmental Protection Review Report Summary Blind River Refinery","9c115333-2730-4b99-b94c-4069b695d0f3","publication","as_needed",1
"Sat Apr 24 04:40:23 2021","cnsc-ccsn","Environmental Protection Review Report Summary Blind River Refinery","9c115333-2730-4b99-b94c-4069b695d0f3","publication","as_needed",1
"Sat Apr 24 05:38:34 2021","cnsc-ccsn","Environmental Protection Review Report Summary Blind River Refinery","9c115333-2730-4b99-b94c-4069b695d0f3","publication","as_needed",1
"Sat Apr 24 06:36:11 2021","cnsc-ccsn","Environmental Protection Review Report Summary Blind River Refinery","9c115333-2730-4b99-b94c-4069b695d0f3","publication","as_needed",1
"Sat Apr 24 07:39:09 2021","cnsc-ccsn","Environmental Protection Review Report Summary Blind River Refinery","9c115333-2730-4b99-b94c-4069b695d0f3","publication","as_needed",1
"Sat Apr 24 08:37:08 2021","cnsc-ccsn","Environmental Protection Review Report Summary Blind River Refinery","9c115333-2730-4b99-b94c-4069b695d0f3","publication","as_needed",1
"Sat Apr 24 09:32:19 2021","cnsc-ccsn","Environmental Protection Review Report Summary Blind River Refinery","9c115333-2730-4b99-b94c-4069b695d0f3","publication","as_needed",1
"Sat Apr 24 10:35:37 2021","cnsc-ccsn","Environmental Protection Review Report Summary Blind River Refinery","9c115333-2730-4b99-b94c-4069b695d0f3","publication","as_needed",1
"Sat Apr 24 11:27:07 2021","cnsc-ccsn","Environmental Protection Review Report Summary Blind River Refinery","9c115333-2730-4b99-b94c-4069b695d0f3","publication","as_needed",1
"Sat Apr 24 12:38:26 2021","cnsc-ccsn","Environmental Protection Review Report Summary Blind River Refinery","9c115333-2730-4b99-b94c-4069b695d0f3","publication","as_needed",1
"Sat Apr 24 13:42:36 2021","cnsc-ccsn","Environmental Protection Review Report Summary Blind River Refinery","9c115333-2730-4b99-b94c-4069b695d0f3","publication","as_needed",1
"Sat Apr 24 14:33:38 2021","cnsc-ccsn","Environmental Protection Review Report Summary Blind River Refinery","9c115333-2730-4b99-b94c-4069b695d0f3","publication","as_needed",1
"Sat Apr 24 15:32:16 2021","cnsc-ccsn","Environmental Protection Review Report Summary Blind River Refinery","9c115333-2730-4b99-b94c-4069b695d0f3","publication","as_needed",1
"Sat Apr 24 16:45:05 2021","cnsc-ccsn","Environmental Protection Review Report Summary Blind River Refinery","9c115333-2730-4b99-b94c-4069b695d0f3","publication","as_needed",1
"Sat Apr 24 17:56:29 2021","cnsc-ccsn","Environmental Protection Review Report Summary Blind River Refinery","9c115333-2730-4b99-b94c-4069b695d0f3","publication","as_needed",1
"Sat Apr 24 18:46:54 2021","cnsc-ccsn","Environmental Protection Review Report Summary Blind River Refinery","9c115333-2730-4b99-b94c-4069b695d0f3","publication","as_needed",1
"Sat Apr 24 19:36:10 2021","cnsc-ccsn","Environmental Protection Review Report Summary Blind River Refinery","9c115333-2730-4b99-b94c-4069b695d0f3","publication","as_needed",1
"Sat Apr 24 20:35:00 2021","cnsc-ccsn","Environmental Protection Review Report Summary Blind River Refinery","9c115333-2730-4b99-b94c-4069b695d0f3","publication","as_needed",1
"Sat Apr 24 21:31:20 2021","cnsc-ccsn","Environmental Protection Review Report Summary Blind River Refinery","9c115333-2730-4b99-b94c-4069b695d0f3","publication","as_needed",1
"Sat Apr 24 22:37:53 2021","cnsc-ccsn","Environmental Protection Review Report Summary Blind River Refinery","9c115333-2730-4b99-b94c-4069b695d0f3","publication","as_needed",1
"Sat Apr 24 23:33:35 2021","cnsc-ccsn","Environmental Protection Review Report Summary Blind River Refinery","9c115333-2730-4b99-b94c-4069b695d0f3","publication","as_needed",1
"Sun Apr 25 01:05:00 2021","cnsc-ccsn","Environmental Protection Review Report Summary Blind River Refinery","9c115333-2730-4b99-b94c-4069b695d0f3","publication","as_needed",1
"Sun Apr 25 02:27:17 2021","cnsc-ccsn","Environmental Protection Review Report Summary Blind River Refinery","9c115333-2730-4b99-b94c-4069b695d0f3","publication","as_needed",1
"Sun Apr 25 03:41:28 2021","cnsc-ccsn","Environmental Protection Review Report Summary Blind River Refinery","9c115333-2730-4b99-b94c-4069b695d0f3","publication","as_needed",1
"Sun Apr 25 04:36:53 2021","cnsc-ccsn","Environmental Protection Review Report Summary Blind River Refinery","9c115333-2730-4b99-b94c-4069b695d0f3","publication","as_needed",1
"Sun Apr 25 05:36:11 2021","cnsc-ccsn","Environmental Protection Review Report Summary Blind River Refinery","9c115333-2730-4b99-b94c-4069b695d0f3","publication","as_needed",1
"Sun Apr 25 06:36:39 2021","cnsc-ccsn","Environmental Protection Review Report Summary Blind River Refinery","9c115333-2730-4b99-b94c-4069b695d0f3","publication","as_needed",1
"Sun Apr 25 07:33:21 2021","cnsc-ccsn","Environmental Protection Review Report Summary Blind River Refinery","9c115333-2730-4b99-b94c-4069b695d0f3","publication","as_needed",1
"Sun Apr 25 08:36:52 2021","cnsc-ccsn","Environmental Protection Review Report Summary Blind River Refinery","9c115333-2730-4b99-b94c-4069b695d0f3","publication","as_needed",1
"Sun Apr 25 09:35:17 2021","cnsc-ccsn","Environmental Protection Review Report Summary Blind River Refinery","9c115333-2730-4b99-b94c-4069b695d0f3","publication","as_needed",1
"Sun Apr 25 10:36:22 2021","cnsc-ccsn","Environmental Protection Review Report Summary Blind River Refinery","9c115333-2730-4b99-b94c-4069b695d0f3","publication","as_needed",1
"Sun Apr 25 11:27:10 2021","cnsc-ccsn","Environmental Protection Review Report Summary Blind River Refinery","9c115333-2730-4b99-b94c-4069b695d0f3","publication","as_needed",1
"Sun Apr 25 12:40:14 2021","cnsc-ccsn","Environmental Protection Review Report Summary Blind River Refinery","9c115333-2730-4b99-b94c-4069b695d0f3","publication","as_needed",1
"Sun Apr 25 13:37:39 2021","cnsc-ccsn","Environmental Protection Review Report Summary Blind River Refinery","9c115333-2730-4b99-b94c-4069b695d0f3","publication","as_needed",1
"Sun Apr 25 14:32:45 2021","cnsc-ccsn","Environmental Protection Review Report Summary Blind River Refinery","9c115333-2730-4b99-b94c-4069b695d0f3","publication","as_needed",1
"Sun Apr 25 15:32:18 2021","cnsc-ccsn","Environmental Protection Review Report Summary Blind River Refinery","9c115333-2730-4b99-b94c-4069b695d0f3","publication","as_needed",1
"Sun Apr 25 16:44:01 2021","cnsc-ccsn","Environmental Protection Review Report Summary Blind River Refinery","9c115333-2730-4b99-b94c-4069b695d0f3","publication","as_needed",1
"Sun Apr 25 17:59:30 2021","cnsc-ccsn","Environmental Protection Review Report Summary Blind River Refinery","9c115333-2730-4b99-b94c-4069b695d0f3","publication","as_needed",1
"Sun Apr 25 18:45:41 2021","cnsc-ccsn","Environmental Protection Review Report Summary Blind River Refinery","9c115333-2730-4b99-b94c-4069b695d0f3","publication","as_needed",1
"Sun Apr 25 19:37:26 2021","cnsc-ccsn","Environmental Protection Review Report Summary Blind River Refinery","9c115333-2730-4b99-b94c-4069b695d0f3","publication","as_needed",1
"Sun Apr 25 20:33:47 2021","cnsc-ccsn","Environmental Protection Review Report Summary Blind River Refinery","9c115333-2730-4b99-b94c-4069b695d0f3","publication","as_needed",1
"Sun Apr 25 21:32:20 2021","cnsc-ccsn","Environmental Protection Review Report Summary Blind River Refinery","9c115333-2730-4b99-b94c-4069b695d0f3","publication","as_needed",1
"Sun Apr 25 22:34:40 2021","cnsc-ccsn","Environmental Protection Review Report Summary Blind River Refinery","9c115333-2730-4b99-b94c-4069b695d0f3","publication","as_needed",1
"Sun Apr 25 23:35:04 2021","cnsc-ccsn","Environmental Protection Review Report Summary Blind River Refinery","9c115333-2730-4b99-b94c-4069b695d0f3","publication","as_needed",1
"Mon Apr 26 01:03:10 2021","cnsc-ccsn","Environmental Protection Review Report Summary Blind River Refinery","9c115333-2730-4b99-b94c-4069b695d0f3","publication","as_needed",1
"Mon Apr 26 02:28:14 2021","cnsc-ccsn","Environmental Protection Review Report Summary Blind River Refinery","9c115333-2730-4b99-b94c-4069b695d0f3","publication","as_needed",1
"Mon Apr 26 03:40:19 2021","cnsc-ccsn","Environmental Protection Review Report Summary Blind River Refinery","9c115333-2730-4b99-b94c-4069b695d0f3","publication","as_needed",1
"Mon Apr 26 04:39:33 2021","cnsc-ccsn","Environmental Protection Review Report Summary Blind River Refinery","9c115333-2730-4b99-b94c-4069b695d0f3","publication","as_needed",1
"Mon Apr 26 05:40:12 2021","cnsc-ccsn","Environmental Protection Review Report Summary Blind River Refinery","9c115333-2730-4b99-b94c-4069b695d0f3","publication","as_needed",1
"Mon Apr 26 06:37:47 2021","cnsc-ccsn","Environmental Protection Review Report Summary Blind River Refinery","9c115333-2730-4b99-b94c-4069b695d0f3","publication","as_needed",1
"Mon Apr 26 07:37:33 2021","cnsc-ccsn","Environmental Protection Review Report Summary Blind River Refinery","9c115333-2730-4b99-b94c-4069b695d0f3","publication","as_needed",1
"Mon Apr 26 08:37:25 2021","cnsc-ccsn","Environmental Protection Review Report Summary Blind River Refinery","9c115333-2730-4b99-b94c-4069b695d0f3","publication","as_needed",1
"Mon Apr 26 09:36:15 2021","cnsc-ccsn","Environmental Protection Review Report Summary Blind River Refinery","9c115333-2730-4b99-b94c-4069b695d0f3","publication","as_needed",1
"Mon Apr 26 10:32:14 2021","cnsc-ccsn","Environmental Protection Review Report Summary Blind River Refinery","9c115333-2730-4b99-b94c-4069b695d0f3","publication","as_needed",1
"Mon Apr 26 11:29:31 2021","cnsc-ccsn","Environmental Protection Review Report Summary Blind River Refinery","9c115333-2730-4b99-b94c-4069b695d0f3","publication","as_needed",1
"Mon Apr 26 12:39:49 2021","statcan","Process innovations that resulted in cost savings to support business functions by industry and enterprise size","9d724167-d1df-46a8-aa79-cee75f03daec","primary","as_needed",1
"Mon Apr 26 13:45:38 2021","ocl-cal","Investigation report : David MacNaughton, President of Palantir Canada ","56737c3f-e9f8-403f-b425-276ca918b3f0","parliament_report","as_needed",1
"Mon Apr 26 14:35:25 2021","ocl-cal","Investigation report : David MacNaughton, President of Palantir Canada ","56737c3f-e9f8-403f-b425-276ca918b3f0","parliament_report","as_needed",1
"Mon Apr 26 15:35:18 2021","ocl-cal","Investigation report : David MacNaughton, President of Palantir Canada ","56737c3f-e9f8-403f-b425-276ca918b3f0","parliament_report","as_needed",1
"Mon Apr 26 16:45:54 2021","ocl-cal","Investigation report : David MacNaughton, President of Palantir Canada ","56737c3f-e9f8-403f-b425-276ca918b3f0","parliament_report","as_needed",1
"Mon Apr 26 18:02:44 2021","ocl-cal","Investigation report : David MacNaughton, President of Palantir Canada ","56737c3f-e9f8-403f-b425-276ca918b3f0","parliament_report","as_needed",1
"Mon Apr 26 18:45:01 2021","ocl-cal","Investigation report : David MacNaughton, President of Palantir Canada ","56737c3f-e9f8-403f-b425-276ca918b3f0","parliament_report","as_needed",1
"Mon Apr 26 19:37:12 2021","hc-sc","Importing and exporting health products for commercial use (GUI-0117)","6b325266-8b3e-4074-be18-f87aef9fcf5d","publication","as_needed",1
"Mon Apr 26 20:35:17 2021","hc-sc","Importing and exporting health products for commercial use (GUI-0117)","6b325266-8b3e-4074-be18-f87aef9fcf5d","publication","as_needed",1
"Mon Apr 26 21:33:12 2021","hc-sc","Importing and exporting health products for commercial use (GUI-0117)","6b325266-8b3e-4074-be18-f87aef9fcf5d","publication","as_needed",1
"Mon Apr 26 22:40:31 2021","hc-sc","Importing and exporting health products for commercial use (GUI-0117)","6b325266-8b3e-4074-be18-f87aef9fcf5d","publication","as_needed",1
"Mon Apr 26 23:31:26 2021","hc-sc","Importing and exporting health products for commercial use (GUI-0117)","6b325266-8b3e-4074-be18-f87aef9fcf5d","publication","as_needed",1
"Tue Apr 27 01:00:39 2021","hc-sc","Importing and exporting health products for commercial use (GUI-0117)","6b325266-8b3e-4074-be18-f87aef9fcf5d","publication","as_needed",1
"Tue Apr 27 02:26:15 2021","hc-sc","Importing and exporting health products for commercial use (GUI-0117)","6b325266-8b3e-4074-be18-f87aef9fcf5d","publication","as_needed",1
"Tue Apr 27 03:40:00 2021","hc-sc","Importing and exporting health products for commercial use (GUI-0117)","6b325266-8b3e-4074-be18-f87aef9fcf5d","publication","as_needed",1
"Tue Apr 27 04:39:47 2021","hc-sc","Importing and exporting health products for commercial use (GUI-0117)","6b325266-8b3e-4074-be18-f87aef9fcf5d","publication","as_needed",1
"Tue Apr 27 05:39:47 2021","hc-sc","Importing and exporting health products for commercial use (GUI-0117)","6b325266-8b3e-4074-be18-f87aef9fcf5d","publication","as_needed",1
"Tue Apr 27 06:38:32 2021","hc-sc","Importing and exporting health products for commercial use (GUI-0117)","6b325266-8b3e-4074-be18-f87aef9fcf5d","publication","as_needed",1
"Tue Apr 27 07:38:46 2021","hc-sc","Importing and exporting health products for commercial use (GUI-0117)","6b325266-8b3e-4074-be18-f87aef9fcf5d","publication","as_needed",1
"Tue Apr 27 08:37:05 2021","hc-sc","Importing and exporting health products for commercial use (GUI-0117)","6b325266-8b3e-4074-be18-f87aef9fcf5d","publication","as_needed",1
"Tue Apr 27 09:37:04 2021","hc-sc","Importing and exporting health products for commercial use (GUI-0117)","6b325266-8b3e-4074-be18-f87aef9fcf5d","publication","as_needed",1
"Tue Apr 27 10:33:48 2021","hc-sc","Importing and exporting health products for commercial use (GUI-0117)","6b325266-8b3e-4074-be18-f87aef9fcf5d","publication","as_needed",1
"Tue Apr 27 11:32:09 2021","hc-sc","Importing and exporting health products for commercial use (GUI-0117)","6b325266-8b3e-4074-be18-f87aef9fcf5d","publication","as_needed",1
"Tue Apr 27 12:39:53 2021","hc-sc","Importing and exporting health products for commercial use (GUI-0117)","6b325266-8b3e-4074-be18-f87aef9fcf5d","publication","as_needed",1
"Tue Apr 27 13:41:45 2021","hc-sc","A Guide to Health Canada Inspections","4341c3c4-4c86-4356-b332-2fcf13487007","publication","as_needed",1
"Tue Apr 27 14:31:25 2021","hc-sc","Medical device inspections","08a7ee8a-6510-4d05-9605-2a4ccf076273","publication","as_needed",1
"Tue Apr 27 15:35:17 2021","oag-bvg","2021 Reports of the Auditor General of Canada—Report 5—Follow-up Audit on Rail Safety—Transport Canada","f906f46c-f7d5-4ba1-9d26-3c766ddfa205","parliament_report","not_planned",1
"Tue Apr 27 18:04:27 2021","oag-bvg","2021 Reports of the Auditor General of Canada—Report 5—Follow-up Audit on Rail Safety—Transport Canada","f906f46c-f7d5-4ba1-9d26-3c766ddfa205","parliament_report","not_planned",1
"Tue Apr 27 18:46:21 2021","oag-bvg","2021 Reports of the Auditor General of Canada—Report 5—Follow-up Audit on Rail Safety—Transport Canada","f906f46c-f7d5-4ba1-9d26-3c766ddfa205","parliament_report","not_planned",1
"Tue Apr 27 19:35:49 2021","oag-bvg","2021 Reports of the Auditor General of Canada—Report 5—Follow-up Audit on Rail Safety—Transport Canada","f906f46c-f7d5-4ba1-9d26-3c766ddfa205","parliament_report","not_planned",1
"Tue Apr 27 20:34:21 2021","oag-bvg","2021 Reports of the Auditor General of Canada—Report 5—Follow-up Audit on Rail Safety—Transport Canada","f906f46c-f7d5-4ba1-9d26-3c766ddfa205","parliament_report","not_planned",1
"Tue Apr 27 21:32:21 2021","oag-bvg","2021 Reports of the Auditor General of Canada—Report 5—Follow-up Audit on Rail Safety—Transport Canada","f906f46c-f7d5-4ba1-9d26-3c766ddfa205","parliament_report","not_planned",1
"Tue Apr 27 22:33:40 2021","oag-bvg","2021 Reports of the Auditor General of Canada—Report 5—Follow-up Audit on Rail Safety—Transport Canada","f906f46c-f7d5-4ba1-9d26-3c766ddfa205","parliament_report","not_planned",1
"Tue Apr 27 23:31:31 2021","oag-bvg","2021 Reports of the Auditor General of Canada—Report 5—Follow-up Audit on Rail Safety—Transport Canada","f906f46c-f7d5-4ba1-9d26-3c766ddfa205","parliament_report","not_planned",1
"Wed Apr 28 01:03:11 2021","oag-bvg","2021 Reports of the Auditor General of Canada—Report 5—Follow-up Audit on Rail Safety—Transport Canada","f906f46c-f7d5-4ba1-9d26-3c766ddfa205","parliament_report","not_planned",1
"Wed Apr 28 02:21:11 2021","oag-bvg","2021 Reports of the Auditor General of Canada—Report 5—Follow-up Audit on Rail Safety—Transport Canada","f906f46c-f7d5-4ba1-9d26-3c766ddfa205","parliament_report","not_planned",1
"Wed Apr 28 03:38:29 2021","oag-bvg","2021 Reports of the Auditor General of Canada—Report 5—Follow-up Audit on Rail Safety—Transport Canada","f906f46c-f7d5-4ba1-9d26-3c766ddfa205","parliament_report","not_planned",1
"Wed Apr 28 04:37:25 2021","oag-bvg","2021 Reports of the Auditor General of Canada—Report 5—Follow-up Audit on Rail Safety—Transport Canada","f906f46c-f7d5-4ba1-9d26-3c766ddfa205","parliament_report","not_planned",1
"Wed Apr 28 05:37:07 2021","oag-bvg","2021 Reports of the Auditor General of Canada—Report 5—Follow-up Audit on Rail Safety—Transport Canada","f906f46c-f7d5-4ba1-9d26-3c766ddfa205","parliament_report","not_planned",1
"Wed Apr 28 06:38:33 2021","oag-bvg","2021 Reports of the Auditor General of Canada—Report 5—Follow-up Audit on Rail Safety—Transport Canada","f906f46c-f7d5-4ba1-9d26-3c766ddfa205","parliament_report","not_planned",1
"Wed Apr 28 07:40:30 2021","oag-bvg","2021 Reports of the Auditor General of Canada—Report 5—Follow-up Audit on Rail Safety—Transport Canada","f906f46c-f7d5-4ba1-9d26-3c766ddfa205","parliament_report","not_planned",1
"Wed Apr 28 08:35:29 2021","oag-bvg","2021 Reports of the Auditor General of Canada—Report 5—Follow-up Audit on Rail Safety—Transport Canada","f906f46c-f7d5-4ba1-9d26-3c766ddfa205","parliament_report","not_planned",1
"Wed Apr 28 09:33:49 2021","oag-bvg","2021 Reports of the Auditor General of Canada—Report 5—Follow-up Audit on Rail Safety—Transport Canada","f906f46c-f7d5-4ba1-9d26-3c766ddfa205","parliament_report","not_planned",1
"Wed Apr 28 10:35:11 2021","oag-bvg","2021 Reports of the Auditor General of Canada—Report 5—Follow-up Audit on Rail Safety—Transport Canada","f906f46c-f7d5-4ba1-9d26-3c766ddfa205","parliament_report","not_planned",1
"Wed Apr 28 11:32:00 2021","oag-bvg","2021 Reports of the Auditor General of Canada—Report 5—Follow-up Audit on Rail Safety—Transport Canada","f906f46c-f7d5-4ba1-9d26-3c766ddfa205","parliament_report","not_planned",1
"Wed Apr 28 12:38:04 2021","hc-sc","Windsor Exposure Assessment Study (2005-2006) Volatile Organic Compounds (VOC) Data Summary","94b14034-7d01-4566-8bda-e139f40bd6e8","primary","not_planned",1
"Wed Apr 28 13:43:54 2021","hc-sc","Windsor Exposure Assessment Study (2005-2006) Volatile Organic Compounds (VOC) Data Summary","94b14034-7d01-4566-8bda-e139f40bd6e8","primary","not_planned",1
"Wed Apr 28 14:34:37 2021","hc-sc","Windsor Exposure Assessment Study (2005-2006) Volatile Organic Compounds (VOC) Data Summary","94b14034-7d01-4566-8bda-e139f40bd6e8","primary","not_planned",1
"Wed Apr 28 15:34:55 2021","hc-sc","Windsor Exposure Assessment Study (2005-2006) Volatile Organic Compounds (VOC) Data Summary","94b14034-7d01-4566-8bda-e139f40bd6e8","primary","not_planned",1
"Wed Apr 28 16:49:05 2021","hc-sc","The drug and health products inspections database (DHPID)","e06c5d6c-e2b1-4d08-9b7e-095299695102","publication","as_needed",1
"Wed Apr 28 18:05:07 2021","hc-sc","The drug and health products inspections database (DHPID)","e06c5d6c-e2b1-4d08-9b7e-095299695102","publication","as_needed",1
"Wed Apr 28 18:48:06 2021","hc-sc","The drug and health products inspections database (DHPID)","e06c5d6c-e2b1-4d08-9b7e-095299695102","publication","as_needed",1
"Wed Apr 28 19:35:49 2021","dfo-mpo","Monthly Satellite Chlorophyll-a Climatology of the Canadian Pacific Exclusive Economic Zone (2003-2020) - 1 km Resolution","e16b99f1-cc7d-4f2b-8661-6a1706ee7386","fgp","as_needed",1
"Wed Apr 28 20:33:46 2021","dfo-mpo","Monthly Satellite Chlorophyll-a Climatology of the Canadian Pacific Exclusive Economic Zone (2003-2020) - 1 km Resolution","e16b99f1-cc7d-4f2b-8661-6a1706ee7386","fgp","as_needed",1
"Wed Apr 28 21:32:57 2021","dfo-mpo","Monthly Satellite Chlorophyll-a Climatology of the Canadian Pacific Exclusive Economic Zone (2003-2020) - 1 km Resolution","e16b99f1-cc7d-4f2b-8661-6a1706ee7386","fgp","as_needed",1
"Wed Apr 28 22:33:44 2021","dfo-mpo","Monthly Satellite Chlorophyll-a Climatology of the Canadian Pacific Exclusive Economic Zone (2003-2020) - 1 km Resolution","e16b99f1-cc7d-4f2b-8661-6a1706ee7386","fgp","as_needed",1
"Wed Apr 28 23:34:24 2021","dfo-mpo","Monthly Satellite Chlorophyll-a Climatology of the Canadian Pacific Exclusive Economic Zone (2003-2020) - 1 km Resolution","e16b99f1-cc7d-4f2b-8661-6a1706ee7386","fgp","as_needed",1
"Thu Apr 29 01:01:28 2021","dfo-mpo","Monthly Satellite Chlorophyll-a Climatology of the Canadian Pacific Exclusive Economic Zone (2003-2020) - 1 km Resolution","e16b99f1-cc7d-4f2b-8661-6a1706ee7386","fgp","as_needed",1
"Thu Apr 29 02:23:07 2021","dfo-mpo","Monthly Satellite Chlorophyll-a Climatology of the Canadian Pacific Exclusive Economic Zone (2003-2020) - 1 km Resolution","e16b99f1-cc7d-4f2b-8661-6a1706ee7386","fgp","as_needed",1
"Thu Apr 29 03:38:47 2021","dfo-mpo","Monthly Satellite Chlorophyll-a Climatology of the Canadian Pacific Exclusive Economic Zone (2003-2020) - 1 km Resolution","e16b99f1-cc7d-4f2b-8661-6a1706ee7386","fgp","as_needed",1
"Thu Apr 29 04:36:13 2021","dfo-mpo","Monthly Satellite Chlorophyll-a Climatology of the Canadian Pacific Exclusive Economic Zone (2003-2020) - 1 km Resolution","e16b99f1-cc7d-4f2b-8661-6a1706ee7386","fgp","as_needed",1
"Thu Apr 29 05:32:29 2021","dfo-mpo","Monthly Satellite Chlorophyll-a Climatology of the Canadian Pacific Exclusive Economic Zone (2003-2020) - 1 km Resolution","e16b99f1-cc7d-4f2b-8661-6a1706ee7386","fgp","as_needed",1
"Thu Apr 29 06:34:45 2021","dfo-mpo","Monthly Satellite Chlorophyll-a Climatology of the Canadian Pacific Exclusive Economic Zone (2003-2020) - 1 km Resolution","e16b99f1-cc7d-4f2b-8661-6a1706ee7386","fgp","as_needed",1
"Thu Apr 29 07:33:19 2021","dfo-mpo","Monthly Satellite Chlorophyll-a Climatology of the Canadian Pacific Exclusive Economic Zone (2003-2020) - 1 km Resolution","e16b99f1-cc7d-4f2b-8661-6a1706ee7386","fgp","as_needed",1
"Thu Apr 29 08:32:27 2021","dfo-mpo","Monthly Satellite Chlorophyll-a Climatology of the Canadian Pacific Exclusive Economic Zone (2003-2020) - 1 km Resolution","e16b99f1-cc7d-4f2b-8661-6a1706ee7386","fgp","as_needed",1
"Thu Apr 29 09:33:23 2021","dfo-mpo","Monthly Satellite Chlorophyll-a Climatology of the Canadian Pacific Exclusive Economic Zone (2003-2020) - 1 km Resolution","e16b99f1-cc7d-4f2b-8661-6a1706ee7386","fgp","as_needed",1
"Thu Apr 29 10:34:08 2021","dfo-mpo","Monthly Satellite Chlorophyll-a Climatology of the Canadian Pacific Exclusive Economic Zone (2003-2020) - 1 km Resolution","e16b99f1-cc7d-4f2b-8661-6a1706ee7386","fgp","as_needed",1
"Thu Apr 29 11:30:06 2021","dfo-mpo","Monthly Satellite Chlorophyll-a Climatology of the Canadian Pacific Exclusive Economic Zone (2003-2020) - 1 km Resolution","e16b99f1-cc7d-4f2b-8661-6a1706ee7386","fgp","as_needed",1
"Thu Apr 29 12:38:40 2021","dfo-mpo","Monthly Satellite Chlorophyll-a Climatology of the Canadian Pacific Exclusive Economic Zone (2003-2020) - 1 km Resolution","e16b99f1-cc7d-4f2b-8661-6a1706ee7386","fgp","as_needed",1
"Thu Apr 29 13:41:23 2021","statcan","Canadian legislators by selected demographic characteristics and sex","53431e98-3bfa-448a-bd6b-1a7590d64c31","primary","as_needed",1
"Thu Apr 29 14:29:30 2021","statcan","Canadian legislators by selected demographic characteristics and sex","53431e98-3bfa-448a-bd6b-1a7590d64c31","primary","as_needed",1
"Thu Apr 29 15:30:40 2021","statcan","Canadian legislators by selected demographic characteristics and sex","53431e98-3bfa-448a-bd6b-1a7590d64c31","primary","as_needed",1
"Thu Apr 29 16:42:15 2021","statcan","Canadian legislators by selected demographic characteristics and sex","53431e98-3bfa-448a-bd6b-1a7590d64c31","primary","as_needed",1
"Thu Apr 29 17:57:11 2021","statcan","Canadian legislators by selected demographic characteristics and sex","53431e98-3bfa-448a-bd6b-1a7590d64c31","primary","as_needed",1
"Thu Apr 29 18:38:41 2021","statcan","Canadian legislators by selected demographic characteristics and sex","53431e98-3bfa-448a-bd6b-1a7590d64c31","primary","as_needed",1
"Thu Apr 29 19:36:14 2021","statcan","Canadian legislators by selected demographic characteristics and sex","53431e98-3bfa-448a-bd6b-1a7590d64c31","primary","as_needed",1
"Thu Apr 29 20:34:01 2021","statcan","Canadian legislators by selected demographic characteristics and sex","53431e98-3bfa-448a-bd6b-1a7590d64c31","primary","as_needed",1
"Thu Apr 29 21:29:01 2021","statcan","Canadian legislators by selected demographic characteristics and sex","53431e98-3bfa-448a-bd6b-1a7590d64c31","primary","as_needed",1
"Thu Apr 29 22:35:10 2021","statcan","Canadian legislators by selected demographic characteristics and sex","53431e98-3bfa-448a-bd6b-1a7590d64c31","primary","as_needed",1
"Thu Apr 29 23:34:37 2021","statcan","Canadian legislators by selected demographic characteristics and sex","53431e98-3bfa-448a-bd6b-1a7590d64c31","primary","as_needed",1
"Fri Apr 30 00:57:08 2021","statcan","Canadian legislators by selected demographic characteristics and sex","53431e98-3bfa-448a-bd6b-1a7590d64c31","primary","as_needed",1
"Fri Apr 30 02:20:52 2021","statcan","Canadian legislators by selected demographic characteristics and sex","53431e98-3bfa-448a-bd6b-1a7590d64c31","primary","as_needed",1
"Fri Apr 30 03:35:56 2021","statcan","Canadian legislators by selected demographic characteristics and sex","53431e98-3bfa-448a-bd6b-1a7590d64c31","primary","as_needed",1
"Fri Apr 30 04:35:22 2021","statcan","Canadian legislators by selected demographic characteristics and sex","53431e98-3bfa-448a-bd6b-1a7590d64c31","primary","as_needed",1
"Fri Apr 30 05:33:11 2021","statcan","Canadian legislators by selected demographic characteristics and sex","53431e98-3bfa-448a-bd6b-1a7590d64c31","primary","as_needed",1
"Fri Apr 30 06:33:21 2021","statcan","Canadian legislators by selected demographic characteristics and sex","53431e98-3bfa-448a-bd6b-1a7590d64c31","primary","as_needed",1
"Fri Apr 30 07:31:06 2021","statcan","Canadian legislators by selected demographic characteristics and sex","53431e98-3bfa-448a-bd6b-1a7590d64c31","primary","as_needed",1
"Fri Apr 30 08:32:06 2021","statcan","Canadian legislators by selected demographic characteristics and sex","53431e98-3bfa-448a-bd6b-1a7590d64c31","primary","as_needed",1
"Fri Apr 30 09:30:49 2021","statcan","Canadian legislators by selected demographic characteristics and sex","53431e98-3bfa-448a-bd6b-1a7590d64c31","primary","as_needed",1
"Fri Apr 30 10:33:48 2021","statcan","Canadian legislators by selected demographic characteristics and sex","53431e98-3bfa-448a-bd6b-1a7590d64c31","primary","as_needed",1
"Fri Apr 30 11:27:03 2021","statcan","Canadian legislators by selected demographic characteristics and sex","53431e98-3bfa-448a-bd6b-1a7590d64c31","primary","as_needed",1
"Fri Apr 30 12:38:38 2021","cer-rec","OGOA Current Operating Licence Holders","f4428d3b-39dd-4a9c-9c23-e6e41bc15bf5","primary","P1Y",1
"Fri Apr 30 13:41:05 2021","statcan","Employment in the natural resources sector by type of worker","6192ce47-5b5e-45dd-96cc-fb4b83bdee3a","primary","P1Y",1
"Fri Apr 30 14:32:03 2021","statcan","Employment in the natural resources sector by type of worker","6192ce47-5b5e-45dd-96cc-fb4b83bdee3a","primary","P1Y",1
"Fri Apr 30 15:32:50 2021","statcan","Employment in the natural resources sector by type of worker","6192ce47-5b5e-45dd-96cc-fb4b83bdee3a","primary","P1Y",1
"Fri Apr 30 16:40:48 2021","statcan","Employment in the natural resources sector by type of worker","6192ce47-5b5e-45dd-96cc-fb4b83bdee3a","primary","P1Y",1
"Fri Apr 30 17:52:36 2021","statcan","Employment in the natural resources sector by type of worker","6192ce47-5b5e-45dd-96cc-fb4b83bdee3a","primary","P1Y",1
"Fri Apr 30 18:41:43 2021","statcan","Employment in the natural resources sector by type of worker","6192ce47-5b5e-45dd-96cc-fb4b83bdee3a","primary","P1Y",1
"Fri Apr 30 19:35:24 2021","hc-sc","Canada-Ontario Bilateral Agreement for Pan-Canadian Virtual Care Priorities in Response to COVID-19","1210ef92-cfa8-448f-ab35-2309286bfdab","publication","as_needed",1
"Fri Apr 30 20:33:16 2021","hc-sc","Canada-Ontario Bilateral Agreement for Pan-Canadian Virtual Care Priorities in Response to COVID-19","1210ef92-cfa8-448f-ab35-2309286bfdab","publication","as_needed",1
"Fri Apr 30 21:32:48 2021","hc-sc","Canada-Ontario Bilateral Agreement for Pan-Canadian Virtual Care Priorities in Response to COVID-19","1210ef92-cfa8-448f-ab35-2309286bfdab","publication","as_needed",1
"Fri Apr 30 22:34:21 2021","hc-sc","Canada-Ontario Bilateral Agreement for Pan-Canadian Virtual Care Priorities in Response to COVID-19","1210ef92-cfa8-448f-ab35-2309286bfdab","publication","as_needed",1
"Fri Apr 30 23:27:58 2021","hc-sc","Canada-Ontario Bilateral Agreement for Pan-Canadian Virtual Care Priorities in Response to COVID-19","1210ef92-cfa8-448f-ab35-2309286bfdab","publication","as_needed",1
"Sat May  1 00:57:41 2021","hc-sc","Canada-Ontario Bilateral Agreement for Pan-Canadian Virtual Care Priorities in Response to COVID-19","1210ef92-cfa8-448f-ab35-2309286bfdab","publication","as_needed",1
"Sat May  1 02:27:18 2021","hc-sc","Canada-Ontario Bilateral Agreement for Pan-Canadian Virtual Care Priorities in Response to COVID-19","1210ef92-cfa8-448f-ab35-2309286bfdab","publication","as_needed",1
"Sat May  1 03:39:14 2021","hc-sc","Canada-Ontario Bilateral Agreement for Pan-Canadian Virtual Care Priorities in Response to COVID-19","1210ef92-cfa8-448f-ab35-2309286bfdab","publication","as_needed",1
"Sat May  1 04:30:03 2021","hc-sc","Canada-Ontario Bilateral Agreement for Pan-Canadian Virtual Care Priorities in Response to COVID-19","1210ef92-cfa8-448f-ab35-2309286bfdab","publication","as_needed",1
"Sat May  1 05:35:51 2021","hc-sc","Canada-Ontario Bilateral Agreement for Pan-Canadian Virtual Care Priorities in Response to COVID-19","1210ef92-cfa8-448f-ab35-2309286bfdab","publication","as_needed",1
"Sat May  1 06:31:22 2021","hc-sc","Canada-Ontario Bilateral Agreement for Pan-Canadian Virtual Care Priorities in Response to COVID-19","1210ef92-cfa8-448f-ab35-2309286bfdab","publication","as_needed",1
"Sat May  1 07:35:14 2021","hc-sc","Canada-Ontario Bilateral Agreement for Pan-Canadian Virtual Care Priorities in Response to COVID-19","1210ef92-cfa8-448f-ab35-2309286bfdab","publication","as_needed",1
"Sat May  1 08:31:54 2021","hc-sc","Canada-Ontario Bilateral Agreement for Pan-Canadian Virtual Care Priorities in Response to COVID-19","1210ef92-cfa8-448f-ab35-2309286bfdab","publication","as_needed",1
"Sat May  1 09:28:15 2021","hc-sc","Canada-Ontario Bilateral Agreement for Pan-Canadian Virtual Care Priorities in Response to COVID-19","1210ef92-cfa8-448f-ab35-2309286bfdab","publication","as_needed",1
"Sat May  1 10:30:38 2021","hc-sc","Canada-Ontario Bilateral Agreement for Pan-Canadian Virtual Care Priorities in Response to COVID-19","1210ef92-cfa8-448f-ab35-2309286bfdab","publication","as_needed",1
"Sat May  1 11:29:42 2021","hc-sc","Canada-Ontario Bilateral Agreement for Pan-Canadian Virtual Care Priorities in Response to COVID-19","1210ef92-cfa8-448f-ab35-2309286bfdab","publication","as_needed",1
"Sat May  1 12:36:47 2021","hc-sc","Canada-Ontario Bilateral Agreement for Pan-Canadian Virtual Care Priorities in Response to COVID-19","1210ef92-cfa8-448f-ab35-2309286bfdab","publication","as_needed",1
"Sat May  1 13:42:34 2021","hc-sc","Canada-Ontario Bilateral Agreement for Pan-Canadian Virtual Care Priorities in Response to COVID-19","1210ef92-cfa8-448f-ab35-2309286bfdab","publication","as_needed",1
"Sat May  1 14:33:22 2021","hc-sc","Canada-Ontario Bilateral Agreement for Pan-Canadian Virtual Care Priorities in Response to COVID-19","1210ef92-cfa8-448f-ab35-2309286bfdab","publication","as_needed",1
"Sat May  1 15:32:21 2021","hc-sc","Canada-Ontario Bilateral Agreement for Pan-Canadian Virtual Care Priorities in Response to COVID-19","1210ef92-cfa8-448f-ab35-2309286bfdab","publication","as_needed",1
"Sat May  1 16:40:42 2021","hc-sc","Canada-Ontario Bilateral Agreement for Pan-Canadian Virtual Care Priorities in Response to COVID-19","1210ef92-cfa8-448f-ab35-2309286bfdab","publication","as_needed",1
"Sat May  1 17:58:15 2021","hc-sc","Canada-Ontario Bilateral Agreement for Pan-Canadian Virtual Care Priorities in Response to COVID-19","1210ef92-cfa8-448f-ab35-2309286bfdab","publication","as_needed",1
"Sat May  1 18:39:44 2021","hc-sc","Canada-Ontario Bilateral Agreement for Pan-Canadian Virtual Care Priorities in Response to COVID-19","1210ef92-cfa8-448f-ab35-2309286bfdab","publication","as_needed",1
"Sat May  1 19:33:33 2021","hc-sc","Canada-Ontario Bilateral Agreement for Pan-Canadian Virtual Care Priorities in Response to COVID-19","1210ef92-cfa8-448f-ab35-2309286bfdab","publication","as_needed",1
"Sat May  1 20:32:27 2021","hc-sc","Canada-Ontario Bilateral Agreement for Pan-Canadian Virtual Care Priorities in Response to COVID-19","1210ef92-cfa8-448f-ab35-2309286bfdab","publication","as_needed",1
"Sat May  1 21:27:23 2021","hc-sc","Canada-Ontario Bilateral Agreement for Pan-Canadian Virtual Care Priorities in Response to COVID-19","1210ef92-cfa8-448f-ab35-2309286bfdab","publication","as_needed",1
"Sat May  1 22:34:03 2021","hc-sc","Canada-Ontario Bilateral Agreement for Pan-Canadian Virtual Care Priorities in Response to COVID-19","1210ef92-cfa8-448f-ab35-2309286bfdab","publication","as_needed",1
"Sat May  1 23:29:37 2021","hc-sc","Canada-Ontario Bilateral Agreement for Pan-Canadian Virtual Care Priorities in Response to COVID-19","1210ef92-cfa8-448f-ab35-2309286bfdab","publication","as_needed",1
"Sun May  2 01:03:37 2021","hc-sc","Canada-Ontario Bilateral Agreement for Pan-Canadian Virtual Care Priorities in Response to COVID-19","1210ef92-cfa8-448f-ab35-2309286bfdab","publication","as_needed",1
"Sun May  2 02:29:43 2021","hc-sc","Canada-Ontario Bilateral Agreement for Pan-Canadian Virtual Care Priorities in Response to COVID-19","1210ef92-cfa8-448f-ab35-2309286bfdab","publication","as_needed",1
"Sun May  2 03:40:25 2021","hc-sc","Canada-Ontario Bilateral Agreement for Pan-Canadian Virtual Care Priorities in Response to COVID-19","1210ef92-cfa8-448f-ab35-2309286bfdab","publication","as_needed",1
"Sun May  2 04:35:56 2021","hc-sc","Canada-Ontario Bilateral Agreement for Pan-Canadian Virtual Care Priorities in Response to COVID-19","1210ef92-cfa8-448f-ab35-2309286bfdab","publication","as_needed",1
"Sun May  2 05:34:51 2021","hc-sc","Canada-Ontario Bilateral Agreement for Pan-Canadian Virtual Care Priorities in Response to COVID-19","1210ef92-cfa8-448f-ab35-2309286bfdab","publication","as_needed",1
"Sun May  2 06:30:24 2021","hc-sc","Canada-Ontario Bilateral Agreement for Pan-Canadian Virtual Care Priorities in Response to COVID-19","1210ef92-cfa8-448f-ab35-2309286bfdab","publication","as_needed",1
"Sun May  2 07:35:21 2021","hc-sc","Canada-Ontario Bilateral Agreement for Pan-Canadian Virtual Care Priorities in Response to COVID-19","1210ef92-cfa8-448f-ab35-2309286bfdab","publication","as_needed",1
"Sun May  2 08:32:23 2021","hc-sc","Canada-Ontario Bilateral Agreement for Pan-Canadian Virtual Care Priorities in Response to COVID-19","1210ef92-cfa8-448f-ab35-2309286bfdab","publication","as_needed",1
"Sun May  2 09:32:32 2021","hc-sc","Canada-Ontario Bilateral Agreement for Pan-Canadian Virtual Care Priorities in Response to COVID-19","1210ef92-cfa8-448f-ab35-2309286bfdab","publication","as_needed",1
"Sun May  2 10:33:47 2021","hc-sc","Canada-Ontario Bilateral Agreement for Pan-Canadian Virtual Care Priorities in Response to COVID-19","1210ef92-cfa8-448f-ab35-2309286bfdab","publication","as_needed",1
"Sun May  2 11:29:30 2021","hc-sc","Canada-Ontario Bilateral Agreement for Pan-Canadian Virtual Care Priorities in Response to COVID-19","1210ef92-cfa8-448f-ab35-2309286bfdab","publication","as_needed",1
"Sun May  2 12:35:38 2021","hc-sc","Canada-Ontario Bilateral Agreement for Pan-Canadian Virtual Care Priorities in Response to COVID-19","1210ef92-cfa8-448f-ab35-2309286bfdab","publication","as_needed",1
"Sun May  2 13:37:43 2021","hc-sc","Canada-Ontario Bilateral Agreement for Pan-Canadian Virtual Care Priorities in Response to COVID-19","1210ef92-cfa8-448f-ab35-2309286bfdab","publication","as_needed",1
"Sun May  2 14:31:14 2021","hc-sc","Canada-Ontario Bilateral Agreement for Pan-Canadian Virtual Care Priorities in Response to COVID-19","1210ef92-cfa8-448f-ab35-2309286bfdab","publication","as_needed",1
"Sun May  2 15:31:25 2021","hc-sc","Canada-Ontario Bilateral Agreement for Pan-Canadian Virtual Care Priorities in Response to COVID-19","1210ef92-cfa8-448f-ab35-2309286bfdab","publication","as_needed",1
"Sun May  2 16:40:45 2021","hc-sc","Canada-Ontario Bilateral Agreement for Pan-Canadian Virtual Care Priorities in Response to COVID-19","1210ef92-cfa8-448f-ab35-2309286bfdab","publication","as_needed",1
"Sun May  2 17:55:54 2021","hc-sc","Canada-Ontario Bilateral Agreement for Pan-Canadian Virtual Care Priorities in Response to COVID-19","1210ef92-cfa8-448f-ab35-2309286bfdab","publication","as_needed",1
"Sun May  2 18:35:22 2021","hc-sc","Canada-Ontario Bilateral Agreement for Pan-Canadian Virtual Care Priorities in Response to COVID-19","1210ef92-cfa8-448f-ab35-2309286bfdab","publication","as_needed",1
"Sun May  2 19:33:50 2021","hc-sc","Canada-Ontario Bilateral Agreement for Pan-Canadian Virtual Care Priorities in Response to COVID-19","1210ef92-cfa8-448f-ab35-2309286bfdab","publication","as_needed",1
"Sun May  2 20:30:12 2021","hc-sc","Canada-Ontario Bilateral Agreement for Pan-Canadian Virtual Care Priorities in Response to COVID-19","1210ef92-cfa8-448f-ab35-2309286bfdab","publication","as_needed",1
"Sun May  2 21:28:42 2021","hc-sc","Canada-Ontario Bilateral Agreement for Pan-Canadian Virtual Care Priorities in Response to COVID-19","1210ef92-cfa8-448f-ab35-2309286bfdab","publication","as_needed",1
"Sun May  2 22:32:55 2021","hc-sc","Canada-Ontario Bilateral Agreement for Pan-Canadian Virtual Care Priorities in Response to COVID-19","1210ef92-cfa8-448f-ab35-2309286bfdab","publication","as_needed",1
"Sun May  2 23:29:13 2021","hc-sc","Canada-Ontario Bilateral Agreement for Pan-Canadian Virtual Care Priorities in Response to COVID-19","1210ef92-cfa8-448f-ab35-2309286bfdab","publication","as_needed",1
"Mon May  3 01:01:09 2021","hc-sc","Canada-Ontario Bilateral Agreement for Pan-Canadian Virtual Care Priorities in Response to COVID-19","1210ef92-cfa8-448f-ab35-2309286bfdab","publication","as_needed",1
"Mon May  3 02:28:12 2021","hc-sc","Canada-Ontario Bilateral Agreement for Pan-Canadian Virtual Care Priorities in Response to COVID-19","1210ef92-cfa8-448f-ab35-2309286bfdab","publication","as_needed",1
"Mon May  3 03:40:26 2021","hc-sc","Canada-Ontario Bilateral Agreement for Pan-Canadian Virtual Care Priorities in Response to COVID-19","1210ef92-cfa8-448f-ab35-2309286bfdab","publication","as_needed",1
"Mon May  3 04:35:45 2021","hc-sc","Canada-Ontario Bilateral Agreement for Pan-Canadian Virtual Care Priorities in Response to COVID-19","1210ef92-cfa8-448f-ab35-2309286bfdab","publication","as_needed",1
"Mon May  3 05:34:54 2021","hc-sc","Canada-Ontario Bilateral Agreement for Pan-Canadian Virtual Care Priorities in Response to COVID-19","1210ef92-cfa8-448f-ab35-2309286bfdab","publication","as_needed",1
"Mon May  3 06:30:18 2021","hc-sc","Canada-Ontario Bilateral Agreement for Pan-Canadian Virtual Care Priorities in Response to COVID-19","1210ef92-cfa8-448f-ab35-2309286bfdab","publication","as_needed",1
"Mon May  3 07:33:49 2021","hc-sc","Canada-Ontario Bilateral Agreement for Pan-Canadian Virtual Care Priorities in Response to COVID-19","1210ef92-cfa8-448f-ab35-2309286bfdab","publication","as_needed",1
"Mon May  3 08:32:48 2021","hc-sc","Canada-Ontario Bilateral Agreement for Pan-Canadian Virtual Care Priorities in Response to COVID-19","1210ef92-cfa8-448f-ab35-2309286bfdab","publication","as_needed",1
"Mon May  3 09:31:37 2021","hc-sc","Canada-Ontario Bilateral Agreement for Pan-Canadian Virtual Care Priorities in Response to COVID-19","1210ef92-cfa8-448f-ab35-2309286bfdab","publication","as_needed",1
"Mon May  3 10:29:22 2021","hc-sc","Canada-Ontario Bilateral Agreement for Pan-Canadian Virtual Care Priorities in Response to COVID-19","1210ef92-cfa8-448f-ab35-2309286bfdab","publication","as_needed",1
"Mon May  3 11:28:50 2021","hc-sc","Canada-Ontario Bilateral Agreement for Pan-Canadian Virtual Care Priorities in Response to COVID-19","1210ef92-cfa8-448f-ab35-2309286bfdab","publication","as_needed",1
"Mon May  3 12:33:58 2021","hc-sc","Canada-Ontario Bilateral Agreement for Pan-Canadian Virtual Care Priorities in Response to COVID-19","1210ef92-cfa8-448f-ab35-2309286bfdab","publication","as_needed",1
"Mon May  3 13:41:49 2021","statcan","Gross domestic product (GDP) at basic prices, by industry, provinces and territories, contributions to national percentage change","630d3395-fb77-44ef-80c6-fae214886a7b","primary","P1Y",1
"Mon May  3 14:35:05 2021","statcan","Gross domestic product (GDP) at basic prices, by industry, provinces and territories, contributions to national percentage change","630d3395-fb77-44ef-80c6-fae214886a7b","primary","P1Y",1
"Mon May  3 15:33:02 2021","statcan","Gross domestic product (GDP) at basic prices, by industry, provinces and territories, contributions to national percentage change","630d3395-fb77-44ef-80c6-fae214886a7b","primary","P1Y",1
"Mon May  3 16:42:10 2021","pwgsc-tpsgc","Federal-Provincial Shared-Cost Programs as per the Public Accounts of Canada","f198074c-9e91-419a-a5c1-c5ad3c805474","primary","P1Y",1
"Mon May  3 17:59:08 2021","phac-aspc","Health Promotion and Chronic Disease Prevention in Canada, Vol 41, No 4, April 2021 ","a2a8e62f-3e0a-42a9-bca0-ecb19c251d0d","publication","P1M",1
"Mon May  3 18:36:38 2021","phac-aspc","Health Promotion and Chronic Disease Prevention in Canada, Vol 41, No 4, April 2021 ","a2a8e62f-3e0a-42a9-bca0-ecb19c251d0d","publication","P1M",1
"Mon May  3 19:32:57 2021","phac-aspc","Health Promotion and Chronic Disease Prevention in Canada, Vol 41, No 4, April 2021 ","a2a8e62f-3e0a-42a9-bca0-ecb19c251d0d","publication","P1M",1
"Mon May  3 20:32:29 2021","phac-aspc","Health Promotion and Chronic Disease Prevention in Canada, Vol 41, No 4, April 2021 ","a2a8e62f-3e0a-42a9-bca0-ecb19c251d0d","publication","P1M",1
"Mon May  3 21:30:04 2021","phac-aspc","Health Promotion and Chronic Disease Prevention in Canada, Vol 41, No 4, April 2021 ","a2a8e62f-3e0a-42a9-bca0-ecb19c251d0d","publication","P1M",1
"Mon May  3 22:32:56 2021","phac-aspc","Health Promotion and Chronic Disease Prevention in Canada, Vol 41, No 4, April 2021 ","a2a8e62f-3e0a-42a9-bca0-ecb19c251d0d","publication","P1M",1
"Mon May  3 23:29:43 2021","phac-aspc","Health Promotion and Chronic Disease Prevention in Canada, Vol 41, No 4, April 2021 ","a2a8e62f-3e0a-42a9-bca0-ecb19c251d0d","publication","P1M",1
"Tue May  4 00:49:56 2021","phac-aspc","Health Promotion and Chronic Disease Prevention in Canada, Vol 41, No 4, April 2021 ","a2a8e62f-3e0a-42a9-bca0-ecb19c251d0d","publication","P1M",1
"Tue May  4 02:22:16 2021","phac-aspc","Health Promotion and Chronic Disease Prevention in Canada, Vol 41, No 4, April 2021 ","a2a8e62f-3e0a-42a9-bca0-ecb19c251d0d","publication","P1M",1
"Tue May  4 03:36:02 2021","phac-aspc","Health Promotion and Chronic Disease Prevention in Canada, Vol 41, No 4, April 2021 ","a2a8e62f-3e0a-42a9-bca0-ecb19c251d0d","publication","P1M",1
"Tue May  4 04:29:33 2021","phac-aspc","Health Promotion and Chronic Disease Prevention in Canada, Vol 41, No 4, April 2021 ","a2a8e62f-3e0a-42a9-bca0-ecb19c251d0d","publication","P1M",1
"Tue May  4 05:32:33 2021","phac-aspc","Health Promotion and Chronic Disease Prevention in Canada, Vol 41, No 4, April 2021 ","a2a8e62f-3e0a-42a9-bca0-ecb19c251d0d","publication","P1M",1
"Tue May  4 06:31:52 2021","phac-aspc","Health Promotion and Chronic Disease Prevention in Canada, Vol 41, No 4, April 2021 ","a2a8e62f-3e0a-42a9-bca0-ecb19c251d0d","publication","P1M",1
"Tue May  4 07:32:36 2021","phac-aspc","Health Promotion and Chronic Disease Prevention in Canada, Vol 41, No 4, April 2021 ","a2a8e62f-3e0a-42a9-bca0-ecb19c251d0d","publication","P1M",1
"Tue May  4 08:31:02 2021","phac-aspc","Health Promotion and Chronic Disease Prevention in Canada, Vol 41, No 4, April 2021 ","a2a8e62f-3e0a-42a9-bca0-ecb19c251d0d","publication","P1M",1
"Tue May  4 09:30:29 2021","phac-aspc","Health Promotion and Chronic Disease Prevention in Canada, Vol 41, No 4, April 2021 ","a2a8e62f-3e0a-42a9-bca0-ecb19c251d0d","publication","P1M",1
"Tue May  4 10:32:11 2021","phac-aspc","Health Promotion and Chronic Disease Prevention in Canada, Vol 41, No 4, April 2021 ","a2a8e62f-3e0a-42a9-bca0-ecb19c251d0d","publication","P1M",1
"Tue May  4 11:27:59 2021","phac-aspc","Health Promotion and Chronic Disease Prevention in Canada, Vol 41, No 4, April 2021 ","a2a8e62f-3e0a-42a9-bca0-ecb19c251d0d","publication","P1M",1
"Tue May  4 12:35:49 2021","phac-aspc","Health Promotion and Chronic Disease Prevention in Canada, Vol 41, No 4, April 2021 ","a2a8e62f-3e0a-42a9-bca0-ecb19c251d0d","publication","P1M",1
"Tue May  4 13:38:01 2021","statcan","Percentage of persons who are asset resilient, Canada","7966e0fc-8608-4727-9e3f-bf5180113690","primary","as_needed",1
"Tue May  4 14:29:17 2021","statcan","Percentage of persons who are asset resilient, Canada","7966e0fc-8608-4727-9e3f-bf5180113690","primary","as_needed",1
"Tue May  4 15:31:38 2021","statcan","Percentage of persons who are asset resilient, Canada","7966e0fc-8608-4727-9e3f-bf5180113690","primary","as_needed",1
"Tue May  4 16:35:53 2021","statcan","Percentage of persons who are asset resilient, Canada","7966e0fc-8608-4727-9e3f-bf5180113690","primary","as_needed",1
"Tue May  4 17:49:08 2021","tsb-bst","Air transportation safety investigation report A19A0055","641ac2af-9b72-4e93-8660-28668f3b577e","publication","not_planned",1
"Tue May  4 18:31:13 2021","hc-sc","Guidance Document: Part C, Division 5 of the Food and Drug Regulations “Drugs for Clinical Trials Involving Human Subjects” (GUI-0100) - Summary","cecccd55-1302-4c89-acfd-f877f4976ae0","publication","as_needed",1
"Tue May  4 19:30:09 2021","hc-sc","Guidance Document: Part C, Division 5 of the Food and Drug Regulations “Drugs for Clinical Trials Involving Human Subjects” (GUI-0100) - Summary","cecccd55-1302-4c89-acfd-f877f4976ae0","publication","as_needed",1
"Tue May  4 20:30:12 2021","hc-sc","Guidance Document: Part C, Division 5 of the Food and Drug Regulations “Drugs for Clinical Trials Involving Human Subjects” (GUI-0100) - Summary","cecccd55-1302-4c89-acfd-f877f4976ae0","publication","as_needed",1
"Tue May  4 21:29:30 2021","hc-sc","Guidance Document: Part C, Division 5 of the Food and Drug Regulations “Drugs for Clinical Trials Involving Human Subjects” (GUI-0100) - Summary","cecccd55-1302-4c89-acfd-f877f4976ae0","publication","as_needed",1
"Tue May  4 22:33:48 2021","hc-sc","Guidance Document: Part C, Division 5 of the Food and Drug Regulations “Drugs for Clinical Trials Involving Human Subjects” (GUI-0100) - Summary","cecccd55-1302-4c89-acfd-f877f4976ae0","publication","as_needed",1
"Tue May  4 23:31:30 2021","hc-sc","Guidance Document: Part C, Division 5 of the Food and Drug Regulations “Drugs for Clinical Trials Involving Human Subjects” (GUI-0100) - Summary","cecccd55-1302-4c89-acfd-f877f4976ae0","publication","as_needed",1
"Wed May  5 00:48:41 2021","hc-sc","Guidance Document: Part C, Division 5 of the Food and Drug Regulations “Drugs for Clinical Trials Involving Human Subjects” (GUI-0100) - Summary","cecccd55-1302-4c89-acfd-f877f4976ae0","publication","as_needed",1
"Wed May  5 02:17:30 2021","hc-sc","Guidance Document: Part C, Division 5 of the Food and Drug Regulations “Drugs for Clinical Trials Involving Human Subjects” (GUI-0100) - Summary","cecccd55-1302-4c89-acfd-f877f4976ae0","publication","as_needed",1
"Wed May  5 02:55:38 2021","hc-sc","Guidance Document: Part C, Division 5 of the Food and Drug Regulations “Drugs for Clinical Trials Involving Human Subjects” (GUI-0100) - Summary","cecccd55-1302-4c89-acfd-f877f4976ae0","publication","as_needed",1
"Wed May  5 03:34:05 2021","hc-sc","Guidance Document: Part C, Division 5 of the Food and Drug Regulations “Drugs for Clinical Trials Involving Human Subjects” (GUI-0100) - Summary","cecccd55-1302-4c89-acfd-f877f4976ae0","publication","as_needed",1
"Wed May  5 04:30:25 2021","hc-sc","Guidance Document: Part C, Division 5 of the Food and Drug Regulations “Drugs for Clinical Trials Involving Human Subjects” (GUI-0100) - Summary","cecccd55-1302-4c89-acfd-f877f4976ae0","publication","as_needed",1
"Wed May  5 05:34:24 2021","hc-sc","Guidance Document: Part C, Division 5 of the Food and Drug Regulations “Drugs for Clinical Trials Involving Human Subjects” (GUI-0100) - Summary","cecccd55-1302-4c89-acfd-f877f4976ae0","publication","as_needed",1
"Wed May  5 06:32:12 2021","hc-sc","Guidance Document: Part C, Division 5 of the Food and Drug Regulations “Drugs for Clinical Trials Involving Human Subjects” (GUI-0100) - Summary","cecccd55-1302-4c89-acfd-f877f4976ae0","publication","as_needed",1
"Wed May  5 07:33:57 2021","hc-sc","Guidance Document: Part C, Division 5 of the Food and Drug Regulations “Drugs for Clinical Trials Involving Human Subjects” (GUI-0100) - Summary","cecccd55-1302-4c89-acfd-f877f4976ae0","publication","as_needed",1
"Wed May  5 08:37:27 2021","hc-sc","Guidance Document: Part C, Division 5 of the Food and Drug Regulations “Drugs for Clinical Trials Involving Human Subjects” (GUI-0100) - Summary","cecccd55-1302-4c89-acfd-f877f4976ae0","publication","as_needed",1
"Wed May  5 09:31:48 2021","hc-sc","Guidance Document: Part C, Division 5 of the Food and Drug Regulations “Drugs for Clinical Trials Involving Human Subjects” (GUI-0100) - Summary","cecccd55-1302-4c89-acfd-f877f4976ae0","publication","as_needed",1
"Wed May  5 10:32:02 2021","hc-sc","Guidance Document: Part C, Division 5 of the Food and Drug Regulations “Drugs for Clinical Trials Involving Human Subjects” (GUI-0100) - Summary","cecccd55-1302-4c89-acfd-f877f4976ae0","publication","as_needed",1
"Wed May  5 11:27:57 2021","hc-sc","Guidance Document: Part C, Division 5 of the Food and Drug Regulations “Drugs for Clinical Trials Involving Human Subjects” (GUI-0100) - Summary","cecccd55-1302-4c89-acfd-f877f4976ae0","publication","as_needed",1
"Wed May  5 12:36:10 2021","hc-sc","Guidance Document: Part C, Division 5 of the Food and Drug Regulations “Drugs for Clinical Trials Involving Human Subjects” (GUI-0100) - Summary","cecccd55-1302-4c89-acfd-f877f4976ae0","publication","as_needed",1
"Wed May  5 13:37:37 2021","phac-aspc","Health Promotion and Chronic Disease Prevention in Canada, Vol 41, No 2, February 2021 ","bf8f75b3-1ec9-4087-81b9-1e4618feebad","publication","P1M",1
"Wed May  5 14:31:21 2021","phac-aspc","Health Promotion and Chronic Disease Prevention in Canada, Vol 41, No 2, February 2021 ","bf8f75b3-1ec9-4087-81b9-1e4618feebad","publication","P1M",1
"Wed May  5 15:31:12 2021","phac-aspc","Health Promotion and Chronic Disease Prevention in Canada, Vol 41, No 2, February 2021 ","bf8f75b3-1ec9-4087-81b9-1e4618feebad","publication","P1M",1
"Wed May  5 16:35:55 2021","phac-aspc","Health Promotion and Chronic Disease Prevention in Canada, Vol 41, No 2, February 2021 ","bf8f75b3-1ec9-4087-81b9-1e4618feebad","publication","P1M",1
"Wed May  5 17:55:06 2021","phac-aspc","Health Promotion and Chronic Disease Prevention in Canada, Vol 41, No 2, February 2021 ","bf8f75b3-1ec9-4087-81b9-1e4618feebad","publication","P1M",1
"Wed May  5 18:37:41 2021","phac-aspc","Health Promotion and Chronic Disease Prevention in Canada, Vol 41, No 2, February 2021 ","bf8f75b3-1ec9-4087-81b9-1e4618feebad","publication","P1M",1
"Wed May  5 19:33:47 2021","phac-aspc","Health Promotion and Chronic Disease Prevention in Canada, Vol 41, No 2, February 2021 ","bf8f75b3-1ec9-4087-81b9-1e4618feebad","publication","P1M",1
"Wed May  5 20:34:28 2021","phac-aspc","Health Promotion and Chronic Disease Prevention in Canada, Vol 41, No 2, February 2021 ","bf8f75b3-1ec9-4087-81b9-1e4618feebad","publication","P1M",1
"Wed May  5 21:28:32 2021","phac-aspc","Health Promotion and Chronic Disease Prevention in Canada, Vol 41, No 2, February 2021 ","bf8f75b3-1ec9-4087-81b9-1e4618feebad","publication","P1M",1
"Wed May  5 22:32:34 2021","phac-aspc","Health Promotion and Chronic Disease Prevention in Canada, Vol 41, No 2, February 2021 ","bf8f75b3-1ec9-4087-81b9-1e4618feebad","publication","P1M",1
"Wed May  5 23:31:01 2021","phac-aspc","Health Promotion and Chronic Disease Prevention in Canada, Vol 41, No 2, February 2021 ","bf8f75b3-1ec9-4087-81b9-1e4618feebad","publication","P1M",1
"Thu May  6 00:48:54 2021","phac-aspc","Health Promotion and Chronic Disease Prevention in Canada, Vol 41, No 2, February 2021 ","bf8f75b3-1ec9-4087-81b9-1e4618feebad","publication","P1M",1
"Thu May  6 02:17:04 2021","phac-aspc","Health Promotion and Chronic Disease Prevention in Canada, Vol 41, No 2, February 2021 ","bf8f75b3-1ec9-4087-81b9-1e4618feebad","publication","P1M",1
"Thu May  6 02:58:34 2021","phac-aspc","Health Promotion and Chronic Disease Prevention in Canada, Vol 41, No 2, February 2021 ","bf8f75b3-1ec9-4087-81b9-1e4618feebad","publication","P1M",1
"Thu May  6 03:35:01 2021","phac-aspc","Health Promotion and Chronic Disease Prevention in Canada, Vol 41, No 2, February 2021 ","bf8f75b3-1ec9-4087-81b9-1e4618feebad","publication","P1M",1
"Thu May  6 04:32:18 2021","phac-aspc","Health Promotion and Chronic Disease Prevention in Canada, Vol 41, No 2, February 2021 ","bf8f75b3-1ec9-4087-81b9-1e4618feebad","publication","P1M",1
"Thu May  6 05:31:21 2021","phac-aspc","Health Promotion and Chronic Disease Prevention in Canada, Vol 41, No 2, February 2021 ","bf8f75b3-1ec9-4087-81b9-1e4618feebad","publication","P1M",1
"Thu May  6 06:32:12 2021","phac-aspc","Health Promotion and Chronic Disease Prevention in Canada, Vol 41, No 2, February 2021 ","bf8f75b3-1ec9-4087-81b9-1e4618feebad","publication","P1M",1
"Thu May  6 07:32:42 2021","phac-aspc","Health Promotion and Chronic Disease Prevention in Canada, Vol 41, No 2, February 2021 ","bf8f75b3-1ec9-4087-81b9-1e4618feebad","publication","P1M",1
"Thu May  6 08:30:52 2021","phac-aspc","Health Promotion and Chronic Disease Prevention in Canada, Vol 41, No 2, February 2021 ","bf8f75b3-1ec9-4087-81b9-1e4618feebad","publication","P1M",1
"Thu May  6 09:26:38 2021","phac-aspc","Health Promotion and Chronic Disease Prevention in Canada, Vol 41, No 2, February 2021 ","bf8f75b3-1ec9-4087-81b9-1e4618feebad","publication","P1M",1
"Thu May  6 10:31:11 2021","phac-aspc","Health Promotion and Chronic Disease Prevention in Canada, Vol 41, No 2, February 2021 ","bf8f75b3-1ec9-4087-81b9-1e4618feebad","publication","P1M",1
"Thu May  6 11:32:29 2021","phac-aspc","Health Promotion and Chronic Disease Prevention in Canada, Vol 41, No 2, February 2021 ","bf8f75b3-1ec9-4087-81b9-1e4618feebad","publication","P1M",1
"Thu May  6 12:33:32 2021","csa-asc","Audit of Intellectual Property and Technology Transfer","b9a20dd0-af2e-403b-b9fc-069ea9e877c3","publication","as_needed",1
"Thu May  6 13:40:45 2021","csa-asc","Audit of Intellectual Property and Technology Transfer","b9a20dd0-af2e-403b-b9fc-069ea9e877c3","publication","as_needed",1
"Thu May  6 14:31:44 2021","csa-asc","Audit of Intellectual Property and Technology Transfer","b9a20dd0-af2e-403b-b9fc-069ea9e877c3","publication","as_needed",1
"Thu May  6 15:28:10 2021","csa-asc","Audit of Intellectual Property and Technology Transfer","b9a20dd0-af2e-403b-b9fc-069ea9e877c3","publication","as_needed",1
"Thu May  6 16:35:38 2021","cra-arc","Statistics on the one-time emergency payment increase to the Canada Child Benefit (CCB)","7da75a41-20da-43c9-9e9b-66b62a9ca813","primary","not_planned",1
"Thu May  6 17:55:12 2021","dfatd-maecd","Data set: Her Voice, Her Choice commitment to sexual and reproductive health and rights ($650 million, 2017-2020) ","6718cff2-25c0-417d-9f68-0729859d152b","primary","as_needed",1
"Thu May  6 18:37:39 2021","dfatd-maecd","Data set: Her Voice, Her Choice commitment to sexual and reproductive health and rights ($650 million, 2017-2020) ","6718cff2-25c0-417d-9f68-0729859d152b","primary","as_needed",1
"Thu May  6 19:33:24 2021","dfatd-maecd","Data set: Her Voice, Her Choice commitment to sexual and reproductive health and rights ($650 million, 2017-2020) ","6718cff2-25c0-417d-9f68-0729859d152b","primary","as_needed",1
"Thu May  6 20:27:44 2021","dfatd-maecd","Data set: Her Voice, Her Choice commitment to sexual and reproductive health and rights ($650 million, 2017-2020) ","6718cff2-25c0-417d-9f68-0729859d152b","primary","as_needed",1
"Thu May  6 21:24:50 2021","dfatd-maecd","Data set: Her Voice, Her Choice commitment to sexual and reproductive health and rights ($650 million, 2017-2020) ","6718cff2-25c0-417d-9f68-0729859d152b","primary","as_needed",1
"Thu May  6 22:33:15 2021","dfatd-maecd","Data set: Her Voice, Her Choice commitment to sexual and reproductive health and rights ($650 million, 2017-2020) ","6718cff2-25c0-417d-9f68-0729859d152b","primary","as_needed",1
"Thu May  6 23:29:29 2021","dfatd-maecd","Data set: Her Voice, Her Choice commitment to sexual and reproductive health and rights ($650 million, 2017-2020) ","6718cff2-25c0-417d-9f68-0729859d152b","primary","as_needed",1
"Fri May  7 00:51:59 2021","dfatd-maecd","Data set: Her Voice, Her Choice commitment to sexual and reproductive health and rights ($650 million, 2017-2020) ","6718cff2-25c0-417d-9f68-0729859d152b","primary","as_needed",1
"Fri May  7 02:16:43 2021","dfatd-maecd","Data set: Her Voice, Her Choice commitment to sexual and reproductive health and rights ($650 million, 2017-2020) ","6718cff2-25c0-417d-9f68-0729859d152b","primary","as_needed",1
"Fri May  7 03:34:34 2021","dfatd-maecd","Data set: Her Voice, Her Choice commitment to sexual and reproductive health and rights ($650 million, 2017-2020) ","6718cff2-25c0-417d-9f68-0729859d152b","primary","as_needed",1
"Fri May  7 04:33:00 2021","dfatd-maecd","Data set: Her Voice, Her Choice commitment to sexual and reproductive health and rights ($650 million, 2017-2020) ","6718cff2-25c0-417d-9f68-0729859d152b","primary","as_needed",1
"Fri May  7 05:31:16 2021","dfatd-maecd","Data set: Her Voice, Her Choice commitment to sexual and reproductive health and rights ($650 million, 2017-2020) ","6718cff2-25c0-417d-9f68-0729859d152b","primary","as_needed",1
"Fri May  7 06:30:27 2021","dfatd-maecd","Data set: Her Voice, Her Choice commitment to sexual and reproductive health and rights ($650 million, 2017-2020) ","6718cff2-25c0-417d-9f68-0729859d152b","primary","as_needed",1
"Fri May  7 07:35:54 2021","dfatd-maecd","Data set: Her Voice, Her Choice commitment to sexual and reproductive health and rights ($650 million, 2017-2020) ","6718cff2-25c0-417d-9f68-0729859d152b","primary","as_needed",1
"Fri May  7 08:31:28 2021","dfatd-maecd","Data set: Her Voice, Her Choice commitment to sexual and reproductive health and rights ($650 million, 2017-2020) ","6718cff2-25c0-417d-9f68-0729859d152b","primary","as_needed",1
"Fri May  7 09:29:44 2021","dfatd-maecd","Data set: Her Voice, Her Choice commitment to sexual and reproductive health and rights ($650 million, 2017-2020) ","6718cff2-25c0-417d-9f68-0729859d152b","primary","as_needed",1
"Fri May  7 10:30:04 2021","dfatd-maecd","Data set: Her Voice, Her Choice commitment to sexual and reproductive health and rights ($650 million, 2017-2020) ","6718cff2-25c0-417d-9f68-0729859d152b","primary","as_needed",1
"Fri May  7 11:27:38 2021","dfatd-maecd","Data set: Her Voice, Her Choice commitment to sexual and reproductive health and rights ($650 million, 2017-2020) ","6718cff2-25c0-417d-9f68-0729859d152b","primary","as_needed",1
"Fri May  7 12:33:54 2021","dfatd-maecd","Data set: Her Voice, Her Choice commitment to sexual and reproductive health and rights ($650 million, 2017-2020) ","6718cff2-25c0-417d-9f68-0729859d152b","primary","as_needed",1
"Fri May  7 13:38:31 2021","dfatd-maecd","Data set: Her Voice, Her Choice commitment to sexual and reproductive health and rights ($650 million, 2017-2020) ","6718cff2-25c0-417d-9f68-0729859d152b","primary","as_needed",1
"Fri May  7 14:28:18 2021","dfatd-maecd","Data set: Her Voice, Her Choice commitment to sexual and reproductive health and rights ($650 million, 2017-2020) ","6718cff2-25c0-417d-9f68-0729859d152b","primary","as_needed",1
"Fri May  7 15:26:10 2021","dfatd-maecd","Data set: Her Voice, Her Choice commitment to sexual and reproductive health and rights ($650 million, 2017-2020) ","6718cff2-25c0-417d-9f68-0729859d152b","primary","as_needed",1
"Fri May  7 16:41:21 2021","dfatd-maecd","Data set: Her Voice, Her Choice commitment to sexual and reproductive health and rights ($650 million, 2017-2020) ","6718cff2-25c0-417d-9f68-0729859d152b","primary","as_needed",1
"Fri May  7 17:54:00 2021","dfatd-maecd","Data set: Her Voice, Her Choice commitment to sexual and reproductive health and rights ($650 million, 2017-2020) ","6718cff2-25c0-417d-9f68-0729859d152b","primary","as_needed",1
"Fri May  7 18:38:53 2021","nrcan-rncan","The State of Mass Timber in Canada","9d00aa0a-a825-4804-b29b-1eff4f82a085","fgp","P3M",1
"Fri May  7 19:32:17 2021","tbs-sct","Experimentation Inventory","39954bc7-ff7a-4180-8b6e-b02bee35078a","primary","P1D",1
"Sun May  9 18:28:15 2021","tbs-sct","Experimentation Inventory","39954bc7-ff7a-4180-8b6e-b02bee35078a","primary","P1D",1
"Sun May  9 19:33:00 2021","tbs-sct","Experimentation Inventory","39954bc7-ff7a-4180-8b6e-b02bee35078a","primary","P1D",1
"Sun May  9 20:29:13 2021","tbs-sct","Experimentation Inventory","39954bc7-ff7a-4180-8b6e-b02bee35078a","primary","P1D",1
"Sun May  9 21:29:03 2021","tbs-sct","Experimentation Inventory","39954bc7-ff7a-4180-8b6e-b02bee35078a","primary","P1D",1
"Sun May  9 22:31:11 2021","tbs-sct","Experimentation Inventory","39954bc7-ff7a-4180-8b6e-b02bee35078a","primary","P1D",1
"Sun May  9 23:28:37 2021","tbs-sct","Experimentation Inventory","39954bc7-ff7a-4180-8b6e-b02bee35078a","primary","P1D",1
"Mon May 10 00:51:27 2021","tbs-sct","Experimentation Inventory","39954bc7-ff7a-4180-8b6e-b02bee35078a","primary","P1D",1
"Mon May 10 02:25:38 2021","tbs-sct","Experimentation Inventory","39954bc7-ff7a-4180-8b6e-b02bee35078a","primary","P1D",1
"Mon May 10 03:39:11 2021","tbs-sct","Experimentation Inventory","39954bc7-ff7a-4180-8b6e-b02bee35078a","primary","P1D",1
"Mon May 10 04:35:20 2021","tbs-sct","Experimentation Inventory","39954bc7-ff7a-4180-8b6e-b02bee35078a","primary","P1D",1
"Mon May 10 05:34:26 2021","tbs-sct","Experimentation Inventory","39954bc7-ff7a-4180-8b6e-b02bee35078a","primary","P1D",1
"Mon May 10 06:32:33 2021","tbs-sct","Experimentation Inventory","39954bc7-ff7a-4180-8b6e-b02bee35078a","primary","P1D",1
"Mon May 10 07:34:36 2021","tbs-sct","Experimentation Inventory","39954bc7-ff7a-4180-8b6e-b02bee35078a","primary","P1D",1
"Mon May 10 08:33:07 2021","tbs-sct","Experimentation Inventory","39954bc7-ff7a-4180-8b6e-b02bee35078a","primary","P1D",1
"Mon May 10 09:32:01 2021","tbs-sct","Experimentation Inventory","39954bc7-ff7a-4180-8b6e-b02bee35078a","primary","P1D",1
"Mon May 10 10:32:46 2021","tbs-sct","Experimentation Inventory","39954bc7-ff7a-4180-8b6e-b02bee35078a","primary","P1D",1
"Mon May 10 11:29:18 2021","tbs-sct","Experimentation Inventory","39954bc7-ff7a-4180-8b6e-b02bee35078a","primary","P1D",1
"Mon May 10 12:33:38 2021","tbs-sct","Experimentation Inventory","39954bc7-ff7a-4180-8b6e-b02bee35078a","primary","P1D",1
"Mon May 10 13:40:06 2021","statcan","Official minority language (First Official Language Spoken) by selected healthcare occupations, 2001 to 2016","07bca79f-3dd4-46e7-ade5-96c0abe6c45b","primary","as_needed",1
"Mon May 10 14:29:13 2021","statcan","Official minority language (First Official Language Spoken) by selected healthcare occupations, 2001 to 2016","07bca79f-3dd4-46e7-ade5-96c0abe6c45b","primary","as_needed",1
"Mon May 10 15:29:38 2021","statcan","Official minority language (First Official Language Spoken) by selected healthcare occupations, 2001 to 2016","07bca79f-3dd4-46e7-ade5-96c0abe6c45b","primary","as_needed",1
"Mon May 10 16:37:45 2021","statcan","Official minority language (First Official Language Spoken) by selected healthcare occupations, 2001 to 2016","07bca79f-3dd4-46e7-ade5-96c0abe6c45b","primary","as_needed",1
"Mon May 10 17:55:21 2021","statcan","Official minority language (First Official Language Spoken) by selected healthcare occupations, 2001 to 2016","07bca79f-3dd4-46e7-ade5-96c0abe6c45b","primary","as_needed",1
"Mon May 10 18:39:22 2021","psc-cfp","Visit Note for the President of the Public Service Commission of Canada with Philip Fawzi Rizcallah – Canadian Accessibility Standards Development Organization","98ed89c4-6ddb-4763-abc0-81df08eac367","publication","as_needed",1
"Mon May 10 19:36:37 2021","psc-cfp","Visit Note for the President of the Public Service Commission of Canada with Philip Fawzi Rizcallah – Canadian Accessibility Standards Development Organization","98ed89c4-6ddb-4763-abc0-81df08eac367","publication","as_needed",1
"Mon May 10 20:33:27 2021","psc-cfp","Visit Note for the President of the Public Service Commission of Canada with Philip Fawzi Rizcallah – Canadian Accessibility Standards Development Organization","98ed89c4-6ddb-4763-abc0-81df08eac367","publication","as_needed",1
"Mon May 10 21:31:27 2021","psc-cfp","Visit Note for the President of the Public Service Commission of Canada with Philip Fawzi Rizcallah – Canadian Accessibility Standards Development Organization","98ed89c4-6ddb-4763-abc0-81df08eac367","publication","as_needed",1
"Mon May 10 22:28:15 2021","psc-cfp","Visit Note for the President of the Public Service Commission of Canada with Philip Fawzi Rizcallah – Canadian Accessibility Standards Development Organization","98ed89c4-6ddb-4763-abc0-81df08eac367","publication","as_needed",1
"Mon May 10 23:29:30 2021","psc-cfp","Visit Note for the President of the Public Service Commission of Canada with Philip Fawzi Rizcallah – Canadian Accessibility Standards Development Organization","98ed89c4-6ddb-4763-abc0-81df08eac367","publication","as_needed",1
"Tue May 11 00:47:59 2021","psc-cfp","Visit Note for the President of the Public Service Commission of Canada with Philip Fawzi Rizcallah – Canadian Accessibility Standards Development Organization","98ed89c4-6ddb-4763-abc0-81df08eac367","publication","as_needed",1
"Tue May 11 02:20:12 2021","psc-cfp","Visit Note for the President of the Public Service Commission of Canada with Philip Fawzi Rizcallah – Canadian Accessibility Standards Development Organization","98ed89c4-6ddb-4763-abc0-81df08eac367","publication","as_needed",1
"Tue May 11 03:39:12 2021","psc-cfp","Visit Note for the President of the Public Service Commission of Canada with Philip Fawzi Rizcallah – Canadian Accessibility Standards Development Organization","98ed89c4-6ddb-4763-abc0-81df08eac367","publication","as_needed",1
"Tue May 11 04:34:33 2021","psc-cfp","Visit Note for the President of the Public Service Commission of Canada with Philip Fawzi Rizcallah – Canadian Accessibility Standards Development Organization","98ed89c4-6ddb-4763-abc0-81df08eac367","publication","as_needed",1
"Tue May 11 05:35:25 2021","psc-cfp","Visit Note for the President of the Public Service Commission of Canada with Philip Fawzi Rizcallah – Canadian Accessibility Standards Development Organization","98ed89c4-6ddb-4763-abc0-81df08eac367","publication","as_needed",1
"Tue May 11 06:32:33 2021","psc-cfp","Visit Note for the President of the Public Service Commission of Canada with Philip Fawzi Rizcallah – Canadian Accessibility Standards Development Organization","98ed89c4-6ddb-4763-abc0-81df08eac367","publication","as_needed",1
"Tue May 11 07:29:40 2021","psc-cfp","Visit Note for the President of the Public Service Commission of Canada with Philip Fawzi Rizcallah – Canadian Accessibility Standards Development Organization","98ed89c4-6ddb-4763-abc0-81df08eac367","publication","as_needed",1
"Tue May 11 08:31:29 2021","psc-cfp","Visit Note for the President of the Public Service Commission of Canada with Philip Fawzi Rizcallah – Canadian Accessibility Standards Development Organization","98ed89c4-6ddb-4763-abc0-81df08eac367","publication","as_needed",1
"Tue May 11 09:28:39 2021","psc-cfp","Visit Note for the President of the Public Service Commission of Canada with Philip Fawzi Rizcallah – Canadian Accessibility Standards Development Organization","98ed89c4-6ddb-4763-abc0-81df08eac367","publication","as_needed",1
"Tue May 11 10:27:01 2021","psc-cfp","Visit Note for the President of the Public Service Commission of Canada with Philip Fawzi Rizcallah – Canadian Accessibility Standards Development Organization","98ed89c4-6ddb-4763-abc0-81df08eac367","publication","as_needed",1
"Tue May 11 11:27:15 2021","psc-cfp","Visit Note for the President of the Public Service Commission of Canada with Philip Fawzi Rizcallah – Canadian Accessibility Standards Development Organization","98ed89c4-6ddb-4763-abc0-81df08eac367","publication","as_needed",1
"Tue May 11 12:37:48 2021","psc-cfp","Visit Note for the President of the Public Service Commission of Canada with Philip Fawzi Rizcallah – Canadian Accessibility Standards Development Organization","98ed89c4-6ddb-4763-abc0-81df08eac367","publication","as_needed",1
"Tue May 11 13:38:16 2021","psc-cfp","Visit Note for the President of the Public Service Commission of Canada with Philip Fawzi Rizcallah – Canadian Accessibility Standards Development Organization","98ed89c4-6ddb-4763-abc0-81df08eac367","publication","as_needed",1
"Tue May 11 14:31:58 2021","fin","Budget 2021","601aac03-e656-4131-965b-80ce00d56f24","primary","not_planned",1
"Tue May 11 15:30:24 2021","fin","Budget 2021","601aac03-e656-4131-965b-80ce00d56f24","primary","not_planned",1
"Tue May 11 16:37:56 2021","fin","Budget 2021","601aac03-e656-4131-965b-80ce00d56f24","primary","not_planned",1
"Tue May 11 17:55:55 2021","fin","Budget 2021","601aac03-e656-4131-965b-80ce00d56f24","primary","not_planned",1
"Tue May 11 18:43:22 2021","fin","Budget 2021","601aac03-e656-4131-965b-80ce00d56f24","primary","not_planned",1
"Tue May 11 19:32:08 2021","fin","Budget 2021","601aac03-e656-4131-965b-80ce00d56f24","primary","not_planned",1
"Tue May 11 20:27:31 2021","fin","Budget 2021","601aac03-e656-4131-965b-80ce00d56f24","primary","not_planned",1
"Tue May 11 21:30:38 2021","fin","Budget 2021","601aac03-e656-4131-965b-80ce00d56f24","primary","not_planned",1
"Tue May 11 22:31:47 2021","fin","Budget 2021","601aac03-e656-4131-965b-80ce00d56f24","primary","not_planned",1
"Tue May 11 23:31:17 2021","fin","Budget 2021","601aac03-e656-4131-965b-80ce00d56f24","primary","not_planned",1
"Wed May 12 00:51:39 2021","fin","Budget 2021","601aac03-e656-4131-965b-80ce00d56f24","primary","not_planned",1
"Wed May 12 02:26:12 2021","fin","Budget 2021","601aac03-e656-4131-965b-80ce00d56f24","primary","not_planned",1
"Wed May 12 03:42:17 2021","fin","Budget 2021","601aac03-e656-4131-965b-80ce00d56f24","primary","not_planned",1
"Wed May 12 04:39:10 2021","fin","Budget 2021","601aac03-e656-4131-965b-80ce00d56f24","primary","not_planned",1
"Wed May 12 05:36:19 2021","fin","Budget 2021","601aac03-e656-4131-965b-80ce00d56f24","primary","not_planned",1
"Wed May 12 06:33:19 2021","fin","Budget 2021","601aac03-e656-4131-965b-80ce00d56f24","primary","not_planned",1
"Wed May 12 07:35:48 2021","fin","Budget 2021","601aac03-e656-4131-965b-80ce00d56f24","primary","not_planned",1
"Wed May 12 08:34:02 2021","fin","Budget 2021","601aac03-e656-4131-965b-80ce00d56f24","primary","not_planned",1
"Wed May 12 09:30:16 2021","fin","Budget 2021","601aac03-e656-4131-965b-80ce00d56f24","primary","not_planned",1
"Wed May 12 10:31:57 2021","fin","Budget 2021","601aac03-e656-4131-965b-80ce00d56f24","primary","not_planned",1
"Wed May 12 11:26:28 2021","fin","Budget 2021","601aac03-e656-4131-965b-80ce00d56f24","primary","not_planned",1
"Wed May 12 12:35:59 2021","fin","Budget 2021","601aac03-e656-4131-965b-80ce00d56f24","primary","not_planned",1
"Wed May 12 13:45:16 2021","psc-cfp","Visit Note for the President of the Public Service Commission of Canada with Dr Pierre Béland –  International Joint Commission","80169da6-5add-4a0b-b87f-d5dfb32d5732","publication","as_needed",1
"Wed May 12 14:32:36 2021","psc-cfp","Visit Note for the President of the Public Service Commission of Canada with Dr Pierre Béland –  International Joint Commission","80169da6-5add-4a0b-b87f-d5dfb32d5732","publication","as_needed",1
"Wed May 12 15:32:40 2021","psc-cfp","Visit Note for the President of the Public Service Commission of Canada with Dr Pierre Béland –  International Joint Commission","80169da6-5add-4a0b-b87f-d5dfb32d5732","publication","as_needed",1
"Wed May 12 16:47:14 2021","psc-cfp","Visit Note for the President of the Public Service Commission of Canada with Dr Pierre Béland –  International Joint Commission","80169da6-5add-4a0b-b87f-d5dfb32d5732","publication","as_needed",1
"Wed May 12 17:59:19 2021","psc-cfp","Visit Note for the President of the Public Service Commission of Canada with Dr Pierre Béland –  International Joint Commission","80169da6-5add-4a0b-b87f-d5dfb32d5732","publication","as_needed",1
"Wed May 12 18:43:28 2021","psc-cfp","Visit Note for the President of the Public Service Commission of Canada with Dr Pierre Béland –  International Joint Commission","80169da6-5add-4a0b-b87f-d5dfb32d5732","publication","as_needed",1
"Wed May 12 19:36:45 2021","psc-cfp","Visit Note for the President of the Public Service Commission of Canada with Dr Pierre Béland –  International Joint Commission","80169da6-5add-4a0b-b87f-d5dfb32d5732","publication","as_needed",1
"Wed May 12 20:33:44 2021","psc-cfp","Visit Note for the President of the Public Service Commission of Canada with Dr Pierre Béland –  International Joint Commission","80169da6-5add-4a0b-b87f-d5dfb32d5732","publication","as_needed",1
"Wed May 12 21:27:23 2021","psc-cfp","Visit Note for the President of the Public Service Commission of Canada with Dr Pierre Béland –  International Joint Commission","80169da6-5add-4a0b-b87f-d5dfb32d5732","publication","as_needed",1
"Wed May 12 22:33:34 2021","psc-cfp","Visit Note for the President of the Public Service Commission of Canada with Dr Pierre Béland –  International Joint Commission","80169da6-5add-4a0b-b87f-d5dfb32d5732","publication","as_needed",1
"Wed May 12 23:31:39 2021","psc-cfp","Visit Note for the President of the Public Service Commission of Canada with Dr Pierre Béland –  International Joint Commission","80169da6-5add-4a0b-b87f-d5dfb32d5732","publication","as_needed",1
"Thu May 13 02:31:32 2021","psc-cfp","Visit Note for the President of the Public Service Commission of Canada with Dr Pierre Béland –  International Joint Commission","80169da6-5add-4a0b-b87f-d5dfb32d5732","publication","as_needed",1
"Thu May 13 03:45:49 2021","psc-cfp","Visit Note for the President of the Public Service Commission of Canada with Dr Pierre Béland –  International Joint Commission","80169da6-5add-4a0b-b87f-d5dfb32d5732","publication","as_needed",1
"Thu May 13 04:41:27 2021","psc-cfp","Visit Note for the President of the Public Service Commission of Canada with Dr Pierre Béland –  International Joint Commission","80169da6-5add-4a0b-b87f-d5dfb32d5732","publication","as_needed",1
"Thu May 13 05:41:53 2021","psc-cfp","Visit Note for the President of the Public Service Commission of Canada with Dr Pierre Béland –  International Joint Commission","80169da6-5add-4a0b-b87f-d5dfb32d5732","publication","as_needed",1
"Thu May 13 06:33:41 2021","psc-cfp","Visit Note for the President of the Public Service Commission of Canada with Dr Pierre Béland –  International Joint Commission","80169da6-5add-4a0b-b87f-d5dfb32d5732","publication","as_needed",1
"Thu May 13 07:36:57 2021","psc-cfp","Visit Note for the President of the Public Service Commission of Canada with Dr Pierre Béland –  International Joint Commission","80169da6-5add-4a0b-b87f-d5dfb32d5732","publication","as_needed",1
"Thu May 13 08:36:10 2021","psc-cfp","Visit Note for the President of the Public Service Commission of Canada with Dr Pierre Béland –  International Joint Commission","80169da6-5add-4a0b-b87f-d5dfb32d5732","publication","as_needed",1
"Thu May 13 09:31:18 2021","psc-cfp","Visit Note for the President of the Public Service Commission of Canada with Dr Pierre Béland –  International Joint Commission","80169da6-5add-4a0b-b87f-d5dfb32d5732","publication","as_needed",1
"Thu May 13 10:37:12 2021","psc-cfp","Visit Note for the President of the Public Service Commission of Canada with Dr Pierre Béland –  International Joint Commission","80169da6-5add-4a0b-b87f-d5dfb32d5732","publication","as_needed",1
"Thu May 13 11:33:52 2021","tbs-sct","2020 Public Service Employee Survey","4301f4bb-1daa-4b50-afab-d1193b5d2284","primary","as_needed",1
"Thu May 13 12:35:53 2021","tbs-sct","2020 Public Service Employee Survey","4301f4bb-1daa-4b50-afab-d1193b5d2284","primary","as_needed",1
"Thu May 13 13:47:15 2021","tbs-sct","2020 Public Service Employee Survey","4301f4bb-1daa-4b50-afab-d1193b5d2284","primary","as_needed",1
"Thu May 13 14:34:26 2021","tbs-sct","2020 Public Service Employee Survey","4301f4bb-1daa-4b50-afab-d1193b5d2284","primary","as_needed",1
"Thu May 13 15:33:08 2021","tbs-sct","2020 Public Service Employee Survey","4301f4bb-1daa-4b50-afab-d1193b5d2284","primary","as_needed",1
"Thu May 13 16:41:58 2021","tbs-sct","2020 Public Service Employee Survey","4301f4bb-1daa-4b50-afab-d1193b5d2284","primary","as_needed",1
"Thu May 13 17:57:59 2021","tbs-sct","2020 Public Service Employee Survey","4301f4bb-1daa-4b50-afab-d1193b5d2284","primary","as_needed",1
"Thu May 13 18:45:49 2021","psc-cfp","Federal Student Work Experience Program (FSWEP) Requests for Referrals submitted by hiring departments","3fe41e48-850e-4df2-81db-9df16d3c56a5","primary","P1M",1
"Thu May 13 19:35:20 2021","psc-cfp","Federal Student Work Experience Program (FSWEP) Requests for Referrals submitted by hiring departments","3fe41e48-850e-4df2-81db-9df16d3c56a5","primary","P1M",1
"Thu May 13 20:29:57 2021","dfatd-maecd","Annual Summary of Steel Import Data 2020 - 2021-02","4be1a3a0-6eaf-4dd3-8cd4-0bce3127c0c4","parliament_report","not_planned",1
"Thu May 13 21:31:21 2021","dfatd-maecd","Annual Summary of Steel Import Data 2020 - 2021-02","4be1a3a0-6eaf-4dd3-8cd4-0bce3127c0c4","parliament_report","not_planned",1
"Thu May 13 22:36:23 2021","dfatd-maecd","Annual Summary of Steel Import Data 2020 - 2021-02","4be1a3a0-6eaf-4dd3-8cd4-0bce3127c0c4","parliament_report","not_planned",1
"Thu May 13 23:34:55 2021","dfatd-maecd","Annual Summary of Steel Import Data 2020 - 2021-02","4be1a3a0-6eaf-4dd3-8cd4-0bce3127c0c4","parliament_report","not_planned",1
"Fri May 14 00:57:42 2021","dfatd-maecd","Annual Summary of Steel Import Data 2020 - 2021-02","4be1a3a0-6eaf-4dd3-8cd4-0bce3127c0c4","parliament_report","not_planned",1
"Fri May 14 02:37:28 2021","dfatd-maecd","Annual Summary of Steel Import Data 2020 - 2021-02","4be1a3a0-6eaf-4dd3-8cd4-0bce3127c0c4","parliament_report","not_planned",1
"Fri May 14 03:46:10 2021","dfatd-maecd","Annual Summary of Steel Import Data 2020 - 2021-02","4be1a3a0-6eaf-4dd3-8cd4-0bce3127c0c4","parliament_report","not_planned",1
"Fri May 14 04:39:58 2021","dfatd-maecd","Annual Summary of Steel Import Data 2020 - 2021-02","4be1a3a0-6eaf-4dd3-8cd4-0bce3127c0c4","parliament_report","not_planned",1
"Fri May 14 05:36:33 2021","dfatd-maecd","Annual Summary of Steel Import Data 2020 - 2021-02","4be1a3a0-6eaf-4dd3-8cd4-0bce3127c0c4","parliament_report","not_planned",1
"Fri May 14 06:35:12 2021","dfatd-maecd","Annual Summary of Steel Import Data 2020 - 2021-02","4be1a3a0-6eaf-4dd3-8cd4-0bce3127c0c4","parliament_report","not_planned",1
"Fri May 14 07:40:16 2021","dfatd-maecd","Annual Summary of Steel Import Data 2020 - 2021-02","4be1a3a0-6eaf-4dd3-8cd4-0bce3127c0c4","parliament_report","not_planned",1
"Fri May 14 08:36:07 2021","dfatd-maecd","Annual Summary of Steel Import Data 2020 - 2021-02","4be1a3a0-6eaf-4dd3-8cd4-0bce3127c0c4","parliament_report","not_planned",1
"Fri May 14 09:32:07 2021","dfatd-maecd","Annual Summary of Steel Import Data 2020 - 2021-02","4be1a3a0-6eaf-4dd3-8cd4-0bce3127c0c4","parliament_report","not_planned",1
"Fri May 14 10:32:53 2021","dfatd-maecd","Annual Summary of Steel Import Data 2020 - 2021-02","4be1a3a0-6eaf-4dd3-8cd4-0bce3127c0c4","parliament_report","not_planned",1
"Fri May 14 11:26:08 2021","dfatd-maecd","Annual Summary of Steel Import Data 2020 - 2021-02","4be1a3a0-6eaf-4dd3-8cd4-0bce3127c0c4","parliament_report","not_planned",1
"Fri May 14 12:36:23 2021","dfatd-maecd","Annual Summary of Steel Import Data 2020 - 2021-02","4be1a3a0-6eaf-4dd3-8cd4-0bce3127c0c4","parliament_report","not_planned",1
"Fri May 14 13:44:53 2021","statcan","Canadian Tourism Activity Tracker and Grouped Data Sources","d9bc1fef-1d04-427b-acfb-1e561ca317c6","primary","P1M",1
"Fri May 14 14:34:27 2021","statcan","Canadian Tourism Activity Tracker and Grouped Data Sources","d9bc1fef-1d04-427b-acfb-1e561ca317c6","primary","P1M",1
"Fri May 14 15:35:26 2021","statcan","Canadian Tourism Activity Tracker and Grouped Data Sources","d9bc1fef-1d04-427b-acfb-1e561ca317c6","primary","P1M",1
"Fri May 14 16:40:37 2021","statcan","Canadian Tourism Activity Tracker and Grouped Data Sources","d9bc1fef-1d04-427b-acfb-1e561ca317c6","primary","P1M",1
"Fri May 14 18:00:14 2021","statcan","Canadian Tourism Activity Tracker and Grouped Data Sources","d9bc1fef-1d04-427b-acfb-1e561ca317c6","primary","P1M",1
"Fri May 14 18:47:25 2021","statcan","Canadian Tourism Activity Tracker and Grouped Data Sources","d9bc1fef-1d04-427b-acfb-1e561ca317c6","primary","P1M",1
"Fri May 14 19:36:26 2021","statcan","Canadian Tourism Activity Tracker and Grouped Data Sources","d9bc1fef-1d04-427b-acfb-1e561ca317c6","primary","P1M",1
"Fri May 14 20:29:32 2021","statcan","Canadian Tourism Activity Tracker and Grouped Data Sources","d9bc1fef-1d04-427b-acfb-1e561ca317c6","primary","P1M",1
"Fri May 14 21:28:11 2021","statcan","Canadian Tourism Activity Tracker and Grouped Data Sources","d9bc1fef-1d04-427b-acfb-1e561ca317c6","primary","P1M",1
"Fri May 14 22:30:50 2021","statcan","Canadian Tourism Activity Tracker and Grouped Data Sources","d9bc1fef-1d04-427b-acfb-1e561ca317c6","primary","P1M",1
"Fri May 14 23:31:53 2021","statcan","Canadian Tourism Activity Tracker and Grouped Data Sources","d9bc1fef-1d04-427b-acfb-1e561ca317c6","primary","P1M",1
"Sat May 15 00:58:14 2021","statcan","Canadian Tourism Activity Tracker and Grouped Data Sources","d9bc1fef-1d04-427b-acfb-1e561ca317c6","primary","P1M",1
"Sat May 15 02:27:43 2021","statcan","Canadian Tourism Activity Tracker and Grouped Data Sources","d9bc1fef-1d04-427b-acfb-1e561ca317c6","primary","P1M",1
"Sat May 15 03:40:05 2021","statcan","Canadian Tourism Activity Tracker and Grouped Data Sources","d9bc1fef-1d04-427b-acfb-1e561ca317c6","primary","P1M",1
"Sat May 15 04:38:41 2021","statcan","Canadian Tourism Activity Tracker and Grouped Data Sources","d9bc1fef-1d04-427b-acfb-1e561ca317c6","primary","P1M",1
"Sat May 15 05:37:36 2021","statcan","Canadian Tourism Activity Tracker and Grouped Data Sources","d9bc1fef-1d04-427b-acfb-1e561ca317c6","primary","P1M",1
"Sat May 15 06:31:18 2021","statcan","Canadian Tourism Activity Tracker and Grouped Data Sources","d9bc1fef-1d04-427b-acfb-1e561ca317c6","primary","P1M",1
"Sat May 15 07:37:03 2021","statcan","Canadian Tourism Activity Tracker and Grouped Data Sources","d9bc1fef-1d04-427b-acfb-1e561ca317c6","primary","P1M",1
"Sat May 15 08:29:49 2021","statcan","Canadian Tourism Activity Tracker and Grouped Data Sources","d9bc1fef-1d04-427b-acfb-1e561ca317c6","primary","P1M",1
"Sat May 15 09:28:07 2021","statcan","Canadian Tourism Activity Tracker and Grouped Data Sources","d9bc1fef-1d04-427b-acfb-1e561ca317c6","primary","P1M",1
"Sat May 15 10:31:57 2021","statcan","Canadian Tourism Activity Tracker and Grouped Data Sources","d9bc1fef-1d04-427b-acfb-1e561ca317c6","primary","P1M",1
"Sat May 15 11:26:52 2021","statcan","Canadian Tourism Activity Tracker and Grouped Data Sources","d9bc1fef-1d04-427b-acfb-1e561ca317c6","primary","P1M",1
"Sat May 15 12:38:32 2021","statcan","Canadian Tourism Activity Tracker and Grouped Data Sources","d9bc1fef-1d04-427b-acfb-1e561ca317c6","primary","P1M",1
"Sat May 15 13:41:08 2021","statcan","Canadian Tourism Activity Tracker and Grouped Data Sources","d9bc1fef-1d04-427b-acfb-1e561ca317c6","primary","P1M",1
"Sat May 15 14:32:43 2021","statcan","Canadian Tourism Activity Tracker and Grouped Data Sources","d9bc1fef-1d04-427b-acfb-1e561ca317c6","primary","P1M",1
"Sat May 15 15:32:32 2021","statcan","Canadian Tourism Activity Tracker and Grouped Data Sources","d9bc1fef-1d04-427b-acfb-1e561ca317c6","primary","P1M",1
"Sat May 15 16:42:16 2021","statcan","Canadian Tourism Activity Tracker and Grouped Data Sources","d9bc1fef-1d04-427b-acfb-1e561ca317c6","primary","P1M",1
"Sat May 15 17:57:58 2021","statcan","Canadian Tourism Activity Tracker and Grouped Data Sources","d9bc1fef-1d04-427b-acfb-1e561ca317c6","primary","P1M",1
"Sat May 15 18:45:14 2021","statcan","Canadian Tourism Activity Tracker and Grouped Data Sources","d9bc1fef-1d04-427b-acfb-1e561ca317c6","primary","P1M",1
"Sat May 15 19:38:41 2021","statcan","Canadian Tourism Activity Tracker and Grouped Data Sources","d9bc1fef-1d04-427b-acfb-1e561ca317c6","primary","P1M",1
"Sat May 15 20:32:41 2021","statcan","Canadian Tourism Activity Tracker and Grouped Data Sources","d9bc1fef-1d04-427b-acfb-1e561ca317c6","primary","P1M",1
"Sat May 15 21:31:16 2021","statcan","Canadian Tourism Activity Tracker and Grouped Data Sources","d9bc1fef-1d04-427b-acfb-1e561ca317c6","primary","P1M",1
"Sat May 15 22:30:10 2021","statcan","Canadian Tourism Activity Tracker and Grouped Data Sources","d9bc1fef-1d04-427b-acfb-1e561ca317c6","primary","P1M",1
"Sat May 15 23:28:27 2021","statcan","Canadian Tourism Activity Tracker and Grouped Data Sources","d9bc1fef-1d04-427b-acfb-1e561ca317c6","primary","P1M",1
"Sun May 16 01:01:32 2021","statcan","Canadian Tourism Activity Tracker and Grouped Data Sources","d9bc1fef-1d04-427b-acfb-1e561ca317c6","primary","P1M",1
"Sun May 16 02:39:16 2021","statcan","Canadian Tourism Activity Tracker and Grouped Data Sources","d9bc1fef-1d04-427b-acfb-1e561ca317c6","primary","P1M",1
"Sun May 16 03:44:49 2021","statcan","Canadian Tourism Activity Tracker and Grouped Data Sources","d9bc1fef-1d04-427b-acfb-1e561ca317c6","primary","P1M",1
"Sun May 16 04:43:03 2021","statcan","Canadian Tourism Activity Tracker and Grouped Data Sources","d9bc1fef-1d04-427b-acfb-1e561ca317c6","primary","P1M",1
"Sun May 16 05:39:54 2021","statcan","Canadian Tourism Activity Tracker and Grouped Data Sources","d9bc1fef-1d04-427b-acfb-1e561ca317c6","primary","P1M",1
"Sun May 16 06:33:41 2021","statcan","Canadian Tourism Activity Tracker and Grouped Data Sources","d9bc1fef-1d04-427b-acfb-1e561ca317c6","primary","P1M",1
"Sun May 16 07:32:38 2021","statcan","Canadian Tourism Activity Tracker and Grouped Data Sources","d9bc1fef-1d04-427b-acfb-1e561ca317c6","primary","P1M",1
"Sun May 16 08:31:39 2021","statcan","Canadian Tourism Activity Tracker and Grouped Data Sources","d9bc1fef-1d04-427b-acfb-1e561ca317c6","primary","P1M",1
"Sun May 16 16:46:46 2021","statcan","Canadian Tourism Activity Tracker and Grouped Data Sources","d9bc1fef-1d04-427b-acfb-1e561ca317c6","primary","P1M",1
"Sun May 16 17:59:17 2021","statcan","Canadian Tourism Activity Tracker and Grouped Data Sources","d9bc1fef-1d04-427b-acfb-1e561ca317c6","primary","P1M",1
"Sun May 16 18:42:29 2021","statcan","Canadian Tourism Activity Tracker and Grouped Data Sources","d9bc1fef-1d04-427b-acfb-1e561ca317c6","primary","P1M",1
"Sun May 16 19:33:41 2021","statcan","Canadian Tourism Activity Tracker and Grouped Data Sources","d9bc1fef-1d04-427b-acfb-1e561ca317c6","primary","P1M",1
"Sun May 16 20:31:00 2021","statcan","Canadian Tourism Activity Tracker and Grouped Data Sources","d9bc1fef-1d04-427b-acfb-1e561ca317c6","primary","P1M",1
"Sun May 16 21:28:04 2021","statcan","Canadian Tourism Activity Tracker and Grouped Data Sources","d9bc1fef-1d04-427b-acfb-1e561ca317c6","primary","P1M",1
"Sun May 16 22:32:52 2021","statcan","Canadian Tourism Activity Tracker and Grouped Data Sources","d9bc1fef-1d04-427b-acfb-1e561ca317c6","primary","P1M",1
"Sun May 16 23:28:54 2021","statcan","Canadian Tourism Activity Tracker and Grouped Data Sources","d9bc1fef-1d04-427b-acfb-1e561ca317c6","primary","P1M",1
"Mon May 17 00:59:59 2021","statcan","Canadian Tourism Activity Tracker and Grouped Data Sources","d9bc1fef-1d04-427b-acfb-1e561ca317c6","primary","P1M",1
"Mon May 17 02:34:55 2021","statcan","Canadian Tourism Activity Tracker and Grouped Data Sources","d9bc1fef-1d04-427b-acfb-1e561ca317c6","primary","P1M",1
"Mon May 17 03:47:10 2021","statcan","Canadian Tourism Activity Tracker and Grouped Data Sources","d9bc1fef-1d04-427b-acfb-1e561ca317c6","primary","P1M",1
"Mon May 17 04:40:35 2021","statcan","Canadian Tourism Activity Tracker and Grouped Data Sources","d9bc1fef-1d04-427b-acfb-1e561ca317c6","primary","P1M",1
"Mon May 17 05:35:42 2021","statcan","Canadian Tourism Activity Tracker and Grouped Data Sources","d9bc1fef-1d04-427b-acfb-1e561ca317c6","primary","P1M",1
"Mon May 17 06:34:29 2021","statcan","Canadian Tourism Activity Tracker and Grouped Data Sources","d9bc1fef-1d04-427b-acfb-1e561ca317c6","primary","P1M",1
"Mon May 17 07:38:58 2021","statcan","Canadian Tourism Activity Tracker and Grouped Data Sources","d9bc1fef-1d04-427b-acfb-1e561ca317c6","primary","P1M",1
"Mon May 17 08:34:41 2021","statcan","Canadian Tourism Activity Tracker and Grouped Data Sources","d9bc1fef-1d04-427b-acfb-1e561ca317c6","primary","P1M",1
"Mon May 17 09:33:52 2021","statcan","Canadian Tourism Activity Tracker and Grouped Data Sources","d9bc1fef-1d04-427b-acfb-1e561ca317c6","primary","P1M",1
"Mon May 17 10:31:33 2021","statcan","Canadian Tourism Activity Tracker and Grouped Data Sources","d9bc1fef-1d04-427b-acfb-1e561ca317c6","primary","P1M",1
"Mon May 17 11:30:14 2021","statcan","Canadian Tourism Activity Tracker and Grouped Data Sources","d9bc1fef-1d04-427b-acfb-1e561ca317c6","primary","P1M",1
"Mon May 17 12:34:08 2021","pch","Appearance by the Honourable Steven Guilbeault before the Standing Committee on Canadian Heritage (CHPC) relations between Facebook and the federal government on January 29, 2021","306a0e29-3682-4f60-abb3-efdd08d245db","parliament_committee","as_needed",1
"Mon May 17 13:43:17 2021","pch","Appearance by the Honourable Steven Guilbeault before the Standing Committee on Canadian Heritage (CHPC) relations between Facebook and the federal government on January 29, 2021","306a0e29-3682-4f60-abb3-efdd08d245db","parliament_committee","as_needed",1
"Mon May 17 14:34:09 2021","pch","Appearance by the Honourable Steven Guilbeault before the Standing Committee on Canadian Heritage (CHPC) relations between Facebook and the federal government on January 29, 2021","306a0e29-3682-4f60-abb3-efdd08d245db","parliament_committee","as_needed",1
"Mon May 17 15:31:28 2021","pch","Appearance by the Honourable Steven Guilbeault before the Standing Committee on Canadian Heritage (CHPC) relations between Facebook and the federal government on January 29, 2021","306a0e29-3682-4f60-abb3-efdd08d245db","parliament_committee","as_needed",1
"Mon May 17 16:45:01 2021","pch","Appearance by the Honourable Steven Guilbeault before the Standing Committee on Canadian Heritage (CHPC) relations between Facebook and the federal government on January 29, 2021","306a0e29-3682-4f60-abb3-efdd08d245db","parliament_committee","as_needed",1
"Mon May 17 17:59:27 2021","pch","Appearance by the Honourable Steven Guilbeault before the Standing Committee on Canadian Heritage (CHPC) relations between Facebook and the federal government on January 29, 2021","306a0e29-3682-4f60-abb3-efdd08d245db","parliament_committee","as_needed",1
"Mon May 17 18:46:57 2021","pch","Appearance by the Honourable Steven Guilbeault before the Standing Committee on Canadian Heritage (CHPC) relations between Facebook and the federal government on January 29, 2021","306a0e29-3682-4f60-abb3-efdd08d245db","parliament_committee","as_needed",1
"Mon May 17 19:38:14 2021","pch","Appearance by the Honourable Steven Guilbeault before the Standing Committee on Canadian Heritage (CHPC) relations between Facebook and the federal government on January 29, 2021","306a0e29-3682-4f60-abb3-efdd08d245db","parliament_committee","as_needed",1
"Mon May 17 20:33:03 2021","pch","Appearance by the Honourable Steven Guilbeault before the Standing Committee on Canadian Heritage (CHPC) relations between Facebook and the federal government on January 29, 2021","306a0e29-3682-4f60-abb3-efdd08d245db","parliament_committee","as_needed",1
"Mon May 17 21:32:45 2021","pch","Appearance by the Honourable Steven Guilbeault before the Standing Committee on Canadian Heritage (CHPC) relations between Facebook and the federal government on January 29, 2021","306a0e29-3682-4f60-abb3-efdd08d245db","parliament_committee","as_needed",1
"Mon May 17 22:30:24 2021","pch","Appearance by the Honourable Steven Guilbeault before the Standing Committee on Canadian Heritage (CHPC) relations between Facebook and the federal government on January 29, 2021","306a0e29-3682-4f60-abb3-efdd08d245db","parliament_committee","as_needed",1
"Mon May 17 23:34:24 2021","pch","Appearance by the Honourable Steven Guilbeault before the Standing Committee on Canadian Heritage (CHPC) relations between Facebook and the federal government on January 29, 2021","306a0e29-3682-4f60-abb3-efdd08d245db","parliament_committee","as_needed",1
"Tue May 18 01:02:24 2021","pch","Appearance by the Honourable Steven Guilbeault before the Standing Committee on Canadian Heritage (CHPC) relations between Facebook and the federal government on January 29, 2021","306a0e29-3682-4f60-abb3-efdd08d245db","parliament_committee","as_needed",1
"Tue May 18 02:37:25 2021","pch","Appearance by the Honourable Steven Guilbeault before the Standing Committee on Canadian Heritage (CHPC) relations between Facebook and the federal government on January 29, 2021","306a0e29-3682-4f60-abb3-efdd08d245db","parliament_committee","as_needed",1
"Tue May 18 03:44:17 2021","pch","Appearance by the Honourable Steven Guilbeault before the Standing Committee on Canadian Heritage (CHPC) relations between Facebook and the federal government on January 29, 2021","306a0e29-3682-4f60-abb3-efdd08d245db","parliament_committee","as_needed",1
"Tue May 18 04:42:35 2021","pch","Appearance by the Honourable Steven Guilbeault before the Standing Committee on Canadian Heritage (CHPC) relations between Facebook and the federal government on January 29, 2021","306a0e29-3682-4f60-abb3-efdd08d245db","parliament_committee","as_needed",1
"Tue May 18 05:39:31 2021","pch","Appearance by the Honourable Steven Guilbeault before the Standing Committee on Canadian Heritage (CHPC) relations between Facebook and the federal government on January 29, 2021","306a0e29-3682-4f60-abb3-efdd08d245db","parliament_committee","as_needed",1
"Tue May 18 06:29:42 2021","pch","Appearance by the Honourable Steven Guilbeault before the Standing Committee on Canadian Heritage (CHPC) relations between Facebook and the federal government on January 29, 2021","306a0e29-3682-4f60-abb3-efdd08d245db","parliament_committee","as_needed",1
"Tue May 18 09:34:21 2021","pch","Appearance by the Honourable Steven Guilbeault before the Standing Committee on Canadian Heritage (CHPC) relations between Facebook and the federal government on January 29, 2021","306a0e29-3682-4f60-abb3-efdd08d245db","parliament_committee","as_needed",1
"Tue May 18 10:33:08 2021","pch","Appearance by the Honourable Steven Guilbeault before the Standing Committee on Canadian Heritage (CHPC) relations between Facebook and the federal government on January 29, 2021","306a0e29-3682-4f60-abb3-efdd08d245db","parliament_committee","as_needed",1
"Tue May 18 11:26:02 2021","pch","Appearance by the Honourable Steven Guilbeault before the Standing Committee on Canadian Heritage (CHPC) relations between Facebook and the federal government on January 29, 2021","306a0e29-3682-4f60-abb3-efdd08d245db","parliament_committee","as_needed",1
"Tue May 18 12:34:29 2021","pch","Appearance by the Honourable Steven Guilbeault before the Standing Committee on Canadian Heritage (CHPC) relations between Facebook and the federal government on January 29, 2021","306a0e29-3682-4f60-abb3-efdd08d245db","parliament_committee","as_needed",1
"Tue May 18 13:40:15 2021","statcan","Participation rate in postsecondary education, young Canadians between 19 and 23 years of age, by family characteristics measured five years earlier","f4b96447-cf1c-4999-bf2d-23eb9d9eca91","primary","as_needed",1
"Tue May 18 14:28:21 2021","statcan","Participation rate in postsecondary education, young Canadians between 19 and 23 years of age, by family characteristics measured five years earlier","f4b96447-cf1c-4999-bf2d-23eb9d9eca91","primary","as_needed",1
"Tue May 18 15:32:51 2021","statcan","Participation rate in postsecondary education, young Canadians between 19 and 23 years of age, by family characteristics measured five years earlier","f4b96447-cf1c-4999-bf2d-23eb9d9eca91","primary","as_needed",1
"Tue May 18 16:42:43 2021","statcan","Participation rate in postsecondary education, young Canadians between 19 and 23 years of age, by family characteristics measured five years earlier","f4b96447-cf1c-4999-bf2d-23eb9d9eca91","primary","as_needed",1
"Tue May 18 18:03:30 2021","statcan","Participation rate in postsecondary education, young Canadians between 19 and 23 years of age, by family characteristics measured five years earlier","f4b96447-cf1c-4999-bf2d-23eb9d9eca91","primary","as_needed",1
"Tue May 18 18:48:08 2021","hc-sc","Halifax Indoor Air Quality Study (2009): Volatile Organic Compounds (VOC) Data Summary","09f53ebc-a9c5-4786-9491-1bca9f3d9605","primary","not_planned",1
"Tue May 18 19:44:04 2021","oag-bvg","2021 Reports of the Auditor General of Canada—Report 8—Pandemic Preparedness, Surveillance, and Border Control Measures","355ef5ba-f760-4329-81bb-793bab5fa3c6","parliament_report","not_planned",1
"Tue May 18 20:33:07 2021","oag-bvg","2021 Reports of the Auditor General of Canada—Report 8—Pandemic Preparedness, Surveillance, and Border Control Measures","355ef5ba-f760-4329-81bb-793bab5fa3c6","parliament_report","not_planned",1
"Tue May 18 21:27:00 2021","oag-bvg","2021 Reports of the Auditor General of Canada—Report 8—Pandemic Preparedness, Surveillance, and Border Control Measures","355ef5ba-f760-4329-81bb-793bab5fa3c6","parliament_report","not_planned",1
"Tue May 18 22:31:32 2021","oag-bvg","2021 Reports of the Auditor General of Canada—Report 8—Pandemic Preparedness, Surveillance, and Border Control Measures","355ef5ba-f760-4329-81bb-793bab5fa3c6","parliament_report","not_planned",1
"Tue May 18 23:34:51 2021","oag-bvg","2021 Reports of the Auditor General of Canada—Report 8—Pandemic Preparedness, Surveillance, and Border Control Measures","355ef5ba-f760-4329-81bb-793bab5fa3c6","parliament_report","not_planned",1
"Wed May 19 01:01:40 2021","oag-bvg","2021 Reports of the Auditor General of Canada—Report 8—Pandemic Preparedness, Surveillance, and Border Control Measures","355ef5ba-f760-4329-81bb-793bab5fa3c6","parliament_report","not_planned",1
"Wed May 19 02:27:22 2021","oag-bvg","2021 Reports of the Auditor General of Canada—Report 8—Pandemic Preparedness, Surveillance, and Border Control Measures","355ef5ba-f760-4329-81bb-793bab5fa3c6","parliament_report","not_planned",1
"Wed May 19 03:37:29 2021","oag-bvg","2021 Reports of the Auditor General of Canada—Report 8—Pandemic Preparedness, Surveillance, and Border Control Measures","355ef5ba-f760-4329-81bb-793bab5fa3c6","parliament_report","not_planned",1
"Wed May 19 04:39:42 2021","oag-bvg","2021 Reports of the Auditor General of Canada—Report 8—Pandemic Preparedness, Surveillance, and Border Control Measures","355ef5ba-f760-4329-81bb-793bab5fa3c6","parliament_report","not_planned",1
"Wed May 19 05:41:15 2021","oag-bvg","2021 Reports of the Auditor General of Canada—Report 8—Pandemic Preparedness, Surveillance, and Border Control Measures","355ef5ba-f760-4329-81bb-793bab5fa3c6","parliament_report","not_planned",1
"Wed May 19 06:34:32 2021","oag-bvg","2021 Reports of the Auditor General of Canada—Report 8—Pandemic Preparedness, Surveillance, and Border Control Measures","355ef5ba-f760-4329-81bb-793bab5fa3c6","parliament_report","not_planned",1
"Wed May 19 07:40:31 2021","oag-bvg","2021 Reports of the Auditor General of Canada—Report 8—Pandemic Preparedness, Surveillance, and Border Control Measures","355ef5ba-f760-4329-81bb-793bab5fa3c6","parliament_report","not_planned",1
"Wed May 19 08:29:46 2021","oag-bvg","2021 Reports of the Auditor General of Canada—Report 8—Pandemic Preparedness, Surveillance, and Border Control Measures","355ef5ba-f760-4329-81bb-793bab5fa3c6","parliament_report","not_planned",1
"Wed May 19 09:32:31 2021","oag-bvg","2021 Reports of the Auditor General of Canada—Report 8—Pandemic Preparedness, Surveillance, and Border Control Measures","355ef5ba-f760-4329-81bb-793bab5fa3c6","parliament_report","not_planned",1
"Wed May 19 10:29:01 2021","oag-bvg","2021 Reports of the Auditor General of Canada—Report 8—Pandemic Preparedness, Surveillance, and Border Control Measures","355ef5ba-f760-4329-81bb-793bab5fa3c6","parliament_report","not_planned",1
"Wed May 19 11:26:39 2021","dfo-mpo","Fish Biodiversity Database","02bf1fca-2fda-11e9-a466-1860247f53e3","fgp","P1Y",1
"Wed May 19 12:33:43 2021","dfo-mpo","Fish Biodiversity Database","02bf1fca-2fda-11e9-a466-1860247f53e3","fgp","P1Y",1
"Wed May 19 13:45:19 2021","dfo-mpo","Exploratory Video-Sidescan and Echosounder Survey of Jordans Bay","752d277f-8b3e-40c7-b99d-cfa67e69d975","fgp","not_planned",1
"Wed May 19 14:30:14 2021","dfo-mpo","Exploratory Video-Sidescan and Echosounder Survey of Jordans Bay","752d277f-8b3e-40c7-b99d-cfa67e69d975","fgp","not_planned",1
"Wed May 19 15:32:28 2021","dfo-mpo","Exploratory Video-Sidescan and Echosounder Survey of Jordans Bay","752d277f-8b3e-40c7-b99d-cfa67e69d975","fgp","not_planned",1
"Wed May 19 16:44:12 2021","dfo-mpo","Exploratory Video-Sidescan and Echosounder Survey of Jordans Bay","752d277f-8b3e-40c7-b99d-cfa67e69d975","fgp","not_planned",1
"Wed May 19 18:00:05 2021","dfo-mpo","Exploratory Video-Sidescan and Echosounder Survey of Jordans Bay","752d277f-8b3e-40c7-b99d-cfa67e69d975","fgp","not_planned",1
"Wed May 19 18:45:00 2021","dfo-mpo","Exploratory Video-Sidescan and Echosounder Survey of Jordans Bay","752d277f-8b3e-40c7-b99d-cfa67e69d975","fgp","not_planned",1
"Wed May 19 19:35:32 2021","dfo-mpo","Exploratory Video-Sidescan and Echosounder Survey of Jordans Bay","752d277f-8b3e-40c7-b99d-cfa67e69d975","fgp","not_planned",1
"Wed May 19 20:28:50 2021","cra-arc","CERS and Lockdown Support claims - detailed data","e6393d99-9b45-4c85-a68d-ea44fe7f4412","primary","P1M",1
"Wed May 19 21:27:03 2021","cra-arc","CERS and Lockdown Support claims - detailed data","e6393d99-9b45-4c85-a68d-ea44fe7f4412","primary","P1M",1
"Wed May 19 22:31:07 2021","cra-arc","CERS and Lockdown Support claims - detailed data","e6393d99-9b45-4c85-a68d-ea44fe7f4412","primary","P1M",1
"Wed May 19 23:28:37 2021","cra-arc","CERS and Lockdown Support claims - detailed data","e6393d99-9b45-4c85-a68d-ea44fe7f4412","primary","P1M",1
"Thu May 20 00:57:08 2021","cra-arc","CERS and Lockdown Support claims - detailed data","e6393d99-9b45-4c85-a68d-ea44fe7f4412","primary","P1M",1
"Thu May 20 02:29:19 2021","cra-arc","CERS and Lockdown Support claims - detailed data","e6393d99-9b45-4c85-a68d-ea44fe7f4412","primary","P1M",1
"Thu May 20 03:45:17 2021","cra-arc","CERS and Lockdown Support claims - detailed data","e6393d99-9b45-4c85-a68d-ea44fe7f4412","primary","P1M",1
"Thu May 20 04:36:39 2021","cra-arc","CERS and Lockdown Support claims - detailed data","e6393d99-9b45-4c85-a68d-ea44fe7f4412","primary","P1M",1
"Thu May 20 05:38:17 2021","cra-arc","CERS and Lockdown Support claims - detailed data","e6393d99-9b45-4c85-a68d-ea44fe7f4412","primary","P1M",1
"Thu May 20 06:31:27 2021","cra-arc","CERS and Lockdown Support claims - detailed data","e6393d99-9b45-4c85-a68d-ea44fe7f4412","primary","P1M",1
"Thu May 20 07:38:29 2021","cra-arc","CERS and Lockdown Support claims - detailed data","e6393d99-9b45-4c85-a68d-ea44fe7f4412","primary","P1M",1
"Thu May 20 08:35:21 2021","cra-arc","CERS and Lockdown Support claims - detailed data","e6393d99-9b45-4c85-a68d-ea44fe7f4412","primary","P1M",1
"Thu May 20 09:28:59 2021","cra-arc","CERS and Lockdown Support claims - detailed data","e6393d99-9b45-4c85-a68d-ea44fe7f4412","primary","P1M",1
"Thu May 20 10:32:17 2021","cra-arc","CERS and Lockdown Support claims - detailed data","e6393d99-9b45-4c85-a68d-ea44fe7f4412","primary","P1M",1
"Thu May 20 11:28:07 2021","cra-arc","CERS and Lockdown Support claims - detailed data","e6393d99-9b45-4c85-a68d-ea44fe7f4412","primary","P1M",1
"Thu May 20 12:40:25 2021","cra-arc","CERS and Lockdown Support claims - detailed data","e6393d99-9b45-4c85-a68d-ea44fe7f4412","primary","P1M",1
"Thu May 20 13:45:29 2021","cra-arc","CERS and Lockdown Support claims - detailed data","e6393d99-9b45-4c85-a68d-ea44fe7f4412","primary","P1M",1
"Thu May 20 14:26:30 2021","cra-arc","CERS and Lockdown Support claims - detailed data","e6393d99-9b45-4c85-a68d-ea44fe7f4412","primary","P1M",1
"Thu May 20 15:32:04 2021","cra-arc","CERS and Lockdown Support claims - detailed data","e6393d99-9b45-4c85-a68d-ea44fe7f4412","primary","P1M",1
"Thu May 20 16:45:30 2021","cra-arc","CERS and Lockdown Support claims - detailed data","e6393d99-9b45-4c85-a68d-ea44fe7f4412","primary","P1M",1
"Thu May 20 18:05:10 2021","cra-arc","CERS and Lockdown Support claims - detailed data","e6393d99-9b45-4c85-a68d-ea44fe7f4412","primary","P1M",1
"Thu May 20 18:52:21 2021","cra-arc","CERS and Lockdown Support claims - detailed data","e6393d99-9b45-4c85-a68d-ea44fe7f4412","primary","P1M",1
"Thu May 20 19:38:35 2021","cra-arc","CERS and Lockdown Support claims - detailed data","e6393d99-9b45-4c85-a68d-ea44fe7f4412","primary","P1M",1
"Thu May 20 20:27:11 2021","cra-arc","CERS and Lockdown Support claims - detailed data","e6393d99-9b45-4c85-a68d-ea44fe7f4412","primary","P1M",1
"Thu May 20 21:27:38 2021","cra-arc","CERS and Lockdown Support claims - detailed data","e6393d99-9b45-4c85-a68d-ea44fe7f4412","primary","P1M",1
"Thu May 20 22:33:14 2021","cra-arc","CERS and Lockdown Support claims - detailed data","e6393d99-9b45-4c85-a68d-ea44fe7f4412","primary","P1M",1
"Thu May 20 23:32:25 2021","cra-arc","CERS and Lockdown Support claims - detailed data","e6393d99-9b45-4c85-a68d-ea44fe7f4412","primary","P1M",1
"Fri May 21 00:59:29 2021","cra-arc","CERS and Lockdown Support claims - detailed data","e6393d99-9b45-4c85-a68d-ea44fe7f4412","primary","P1M",1
"Fri May 21 02:29:09 2021","cra-arc","CERS and Lockdown Support claims - detailed data","e6393d99-9b45-4c85-a68d-ea44fe7f4412","primary","P1M",1
"Fri May 21 03:44:42 2021","cra-arc","CERS and Lockdown Support claims - detailed data","e6393d99-9b45-4c85-a68d-ea44fe7f4412","primary","P1M",1
"Fri May 21 04:39:28 2021","cra-arc","CERS and Lockdown Support claims - detailed data","e6393d99-9b45-4c85-a68d-ea44fe7f4412","primary","P1M",1
"Fri May 21 05:42:33 2021","cra-arc","CERS and Lockdown Support claims - detailed data","e6393d99-9b45-4c85-a68d-ea44fe7f4412","primary","P1M",1
"Fri May 21 06:36:23 2021","cra-arc","CERS and Lockdown Support claims - detailed data","e6393d99-9b45-4c85-a68d-ea44fe7f4412","primary","P1M",1
"Fri May 21 07:36:06 2021","cra-arc","CERS and Lockdown Support claims - detailed data","e6393d99-9b45-4c85-a68d-ea44fe7f4412","primary","P1M",1
"Fri May 21 08:35:35 2021","cra-arc","CERS and Lockdown Support claims - detailed data","e6393d99-9b45-4c85-a68d-ea44fe7f4412","primary","P1M",1
"Fri May 21 09:29:50 2021","cra-arc","CERS and Lockdown Support claims - detailed data","e6393d99-9b45-4c85-a68d-ea44fe7f4412","primary","P1M",1
"Fri May 21 10:29:51 2021","cra-arc","CERS and Lockdown Support claims - detailed data","e6393d99-9b45-4c85-a68d-ea44fe7f4412","primary","P1M",1
"Fri May 21 11:30:00 2021","cra-arc","CERS and Lockdown Support claims - detailed data","e6393d99-9b45-4c85-a68d-ea44fe7f4412","primary","P1M",1
"Fri May 21 12:38:13 2021","cra-arc","CERS and Lockdown Support claims - detailed data","e6393d99-9b45-4c85-a68d-ea44fe7f4412","primary","P1M",1
"Fri May 21 13:46:05 2021","cra-arc","CERS and Lockdown Support claims - detailed data","e6393d99-9b45-4c85-a68d-ea44fe7f4412","primary","P1M",1
"Fri May 21 14:33:10 2021","cra-arc","CERS and Lockdown Support claims - detailed data","e6393d99-9b45-4c85-a68d-ea44fe7f4412","primary","P1M",1
"Fri May 21 15:34:11 2021","cra-arc","CERS and Lockdown Support claims - detailed data","e6393d99-9b45-4c85-a68d-ea44fe7f4412","primary","P1M",1
"Fri May 21 16:42:17 2021","cra-arc","CERS and Lockdown Support claims - detailed data","e6393d99-9b45-4c85-a68d-ea44fe7f4412","primary","P1M",1
"Fri May 21 18:01:01 2021","cra-arc","CERS and Lockdown Support claims - detailed data","e6393d99-9b45-4c85-a68d-ea44fe7f4412","primary","P1M",1
"Fri May 21 18:48:18 2021","cra-arc","CERS and Lockdown Support claims - detailed data","e6393d99-9b45-4c85-a68d-ea44fe7f4412","primary","P1M",1
"Fri May 21 19:45:33 2021","cra-arc","CERS and Lockdown Support claims - detailed data","e6393d99-9b45-4c85-a68d-ea44fe7f4412","primary","P1M",1
"Fri May 21 20:32:19 2021","cra-arc","CERS and Lockdown Support claims - detailed data","e6393d99-9b45-4c85-a68d-ea44fe7f4412","primary","P1M",1
"Fri May 21 21:28:28 2021","cra-arc","CERS and Lockdown Support claims - detailed data","e6393d99-9b45-4c85-a68d-ea44fe7f4412","primary","P1M",1
"Fri May 21 22:31:23 2021","cra-arc","CERS and Lockdown Support claims - detailed data","e6393d99-9b45-4c85-a68d-ea44fe7f4412","primary","P1M",1
"Fri May 21 23:28:49 2021","cra-arc","CERS and Lockdown Support claims - detailed data","e6393d99-9b45-4c85-a68d-ea44fe7f4412","primary","P1M",1
"Sat May 22 01:01:42 2021","cra-arc","CERS and Lockdown Support claims - detailed data","e6393d99-9b45-4c85-a68d-ea44fe7f4412","primary","P1M",1
"Sat May 22 02:30:46 2021","cra-arc","CERS and Lockdown Support claims - detailed data","e6393d99-9b45-4c85-a68d-ea44fe7f4412","primary","P1M",1
"Sat May 22 03:42:02 2021","cra-arc","CERS and Lockdown Support claims - detailed data","e6393d99-9b45-4c85-a68d-ea44fe7f4412","primary","P1M",1
"Sat May 22 04:42:58 2021","cra-arc","CERS and Lockdown Support claims - detailed data","e6393d99-9b45-4c85-a68d-ea44fe7f4412","primary","P1M",1
"Sat May 22 05:40:04 2021","cra-arc","CERS and Lockdown Support claims - detailed data","e6393d99-9b45-4c85-a68d-ea44fe7f4412","primary","P1M",1
"Sat May 22 06:33:47 2021","cra-arc","CERS and Lockdown Support claims - detailed data","e6393d99-9b45-4c85-a68d-ea44fe7f4412","primary","P1M",1
"Sat May 22 07:34:39 2021","cra-arc","CERS and Lockdown Support claims - detailed data","e6393d99-9b45-4c85-a68d-ea44fe7f4412","primary","P1M",1
"Sat May 22 08:30:18 2021","cra-arc","CERS and Lockdown Support claims - detailed data","e6393d99-9b45-4c85-a68d-ea44fe7f4412","primary","P1M",1
"Sat May 22 09:31:36 2021","cra-arc","CERS and Lockdown Support claims - detailed data","e6393d99-9b45-4c85-a68d-ea44fe7f4412","primary","P1M",1
"Sat May 22 10:34:53 2021","cra-arc","CERS and Lockdown Support claims - detailed data","e6393d99-9b45-4c85-a68d-ea44fe7f4412","primary","P1M",1
"Sat May 22 11:30:15 2021","cra-arc","CERS and Lockdown Support claims - detailed data","e6393d99-9b45-4c85-a68d-ea44fe7f4412","primary","P1M",1
"Sat May 22 12:37:16 2021","cra-arc","CERS and Lockdown Support claims - detailed data","e6393d99-9b45-4c85-a68d-ea44fe7f4412","primary","P1M",1
"Sat May 22 13:44:31 2021","cra-arc","CERS and Lockdown Support claims - detailed data","e6393d99-9b45-4c85-a68d-ea44fe7f4412","primary","P1M",1
"Sat May 22 14:30:44 2021","cra-arc","CERS and Lockdown Support claims - detailed data","e6393d99-9b45-4c85-a68d-ea44fe7f4412","primary","P1M",1
"Sat May 22 15:32:03 2021","cra-arc","CERS and Lockdown Support claims - detailed data","e6393d99-9b45-4c85-a68d-ea44fe7f4412","primary","P1M",1
"Sat May 22 16:40:03 2021","cra-arc","CERS and Lockdown Support claims - detailed data","e6393d99-9b45-4c85-a68d-ea44fe7f4412","primary","P1M",1
"Sat May 22 17:58:07 2021","cra-arc","CERS and Lockdown Support claims - detailed data","e6393d99-9b45-4c85-a68d-ea44fe7f4412","primary","P1M",1
"Sat May 22 18:50:19 2021","cra-arc","CERS and Lockdown Support claims - detailed data","e6393d99-9b45-4c85-a68d-ea44fe7f4412","primary","P1M",1
"Sat May 22 19:38:11 2021","cra-arc","CERS and Lockdown Support claims - detailed data","e6393d99-9b45-4c85-a68d-ea44fe7f4412","primary","P1M",1
"Sat May 22 20:33:45 2021","cra-arc","CERS and Lockdown Support claims - detailed data","e6393d99-9b45-4c85-a68d-ea44fe7f4412","primary","P1M",1
"Sat May 22 21:29:01 2021","cra-arc","CERS and Lockdown Support claims - detailed data","e6393d99-9b45-4c85-a68d-ea44fe7f4412","primary","P1M",1
"Sat May 22 22:31:14 2021","cra-arc","CERS and Lockdown Support claims - detailed data","e6393d99-9b45-4c85-a68d-ea44fe7f4412","primary","P1M",1
"Sat May 22 23:30:51 2021","cra-arc","CERS and Lockdown Support claims - detailed data","e6393d99-9b45-4c85-a68d-ea44fe7f4412","primary","P1M",1
"Sun May 23 01:04:11 2021","cra-arc","CERS and Lockdown Support claims - detailed data","e6393d99-9b45-4c85-a68d-ea44fe7f4412","primary","P1M",1
"Sun May 23 02:39:10 2021","cra-arc","CERS and Lockdown Support claims - detailed data","e6393d99-9b45-4c85-a68d-ea44fe7f4412","primary","P1M",1
"Sun May 23 03:55:55 2021","cra-arc","CERS and Lockdown Support claims - detailed data","e6393d99-9b45-4c85-a68d-ea44fe7f4412","primary","P1M",1
"Sun May 23 04:46:56 2021","cra-arc","CERS and Lockdown Support claims - detailed data","e6393d99-9b45-4c85-a68d-ea44fe7f4412","primary","P1M",1
"Sun May 23 05:45:48 2021","cra-arc","CERS and Lockdown Support claims - detailed data","e6393d99-9b45-4c85-a68d-ea44fe7f4412","primary","P1M",1
"Sun May 23 06:36:17 2021","cra-arc","CERS and Lockdown Support claims - detailed data","e6393d99-9b45-4c85-a68d-ea44fe7f4412","primary","P1M",1
"Sun May 23 07:35:24 2021","cra-arc","CERS and Lockdown Support claims - detailed data","e6393d99-9b45-4c85-a68d-ea44fe7f4412","primary","P1M",1
"Sun May 23 08:28:30 2021","cra-arc","CERS and Lockdown Support claims - detailed data","e6393d99-9b45-4c85-a68d-ea44fe7f4412","primary","P1M",1
"Sun May 23 09:35:09 2021","cra-arc","CERS and Lockdown Support claims - detailed data","e6393d99-9b45-4c85-a68d-ea44fe7f4412","primary","P1M",1
"Sun May 23 10:33:42 2021","cra-arc","CERS and Lockdown Support claims - detailed data","e6393d99-9b45-4c85-a68d-ea44fe7f4412","primary","P1M",1
"Sun May 23 11:30:27 2021","cra-arc","CERS and Lockdown Support claims - detailed data","e6393d99-9b45-4c85-a68d-ea44fe7f4412","primary","P1M",1
"Sun May 23 12:34:19 2021","cra-arc","CERS and Lockdown Support claims - detailed data","e6393d99-9b45-4c85-a68d-ea44fe7f4412","primary","P1M",1
"Sun May 23 13:43:08 2021","cra-arc","CERS and Lockdown Support claims - detailed data","e6393d99-9b45-4c85-a68d-ea44fe7f4412","primary","P1M",1
"Sun May 23 14:29:16 2021","cra-arc","CERS and Lockdown Support claims - detailed data","e6393d99-9b45-4c85-a68d-ea44fe7f4412","primary","P1M",1
"Sun May 23 15:29:07 2021","cra-arc","CERS and Lockdown Support claims - detailed data","e6393d99-9b45-4c85-a68d-ea44fe7f4412","primary","P1M",1
"Sun May 23 16:46:31 2021","cra-arc","CERS and Lockdown Support claims - detailed data","e6393d99-9b45-4c85-a68d-ea44fe7f4412","primary","P1M",1
"Sun May 23 18:02:14 2021","cra-arc","CERS and Lockdown Support claims - detailed data","e6393d99-9b45-4c85-a68d-ea44fe7f4412","primary","P1M",1
"Sun May 23 18:45:18 2021","cra-arc","CERS and Lockdown Support claims - detailed data","e6393d99-9b45-4c85-a68d-ea44fe7f4412","primary","P1M",1
"Sun May 23 19:40:55 2021","cra-arc","CERS and Lockdown Support claims - detailed data","e6393d99-9b45-4c85-a68d-ea44fe7f4412","primary","P1M",1
"Sun May 23 20:32:29 2021","cra-arc","CERS and Lockdown Support claims - detailed data","e6393d99-9b45-4c85-a68d-ea44fe7f4412","primary","P1M",1
"Sun May 23 21:32:28 2021","cra-arc","CERS and Lockdown Support claims - detailed data","e6393d99-9b45-4c85-a68d-ea44fe7f4412","primary","P1M",1
"Sun May 23 22:31:57 2021","cra-arc","CERS and Lockdown Support claims - detailed data","e6393d99-9b45-4c85-a68d-ea44fe7f4412","primary","P1M",1
"Sun May 23 23:32:50 2021","cra-arc","CERS and Lockdown Support claims - detailed data","e6393d99-9b45-4c85-a68d-ea44fe7f4412","primary","P1M",1
"Mon May 24 01:02:17 2021","cra-arc","CERS and Lockdown Support claims - detailed data","e6393d99-9b45-4c85-a68d-ea44fe7f4412","primary","P1M",1
"Mon May 24 02:39:47 2021","cra-arc","CERS and Lockdown Support claims - detailed data","e6393d99-9b45-4c85-a68d-ea44fe7f4412","primary","P1M",1
"Mon May 24 03:54:26 2021","cra-arc","CERS and Lockdown Support claims - detailed data","e6393d99-9b45-4c85-a68d-ea44fe7f4412","primary","P1M",1
"Mon May 24 04:44:09 2021","cra-arc","CERS and Lockdown Support claims - detailed data","e6393d99-9b45-4c85-a68d-ea44fe7f4412","primary","P1M",1
"Mon May 24 05:47:05 2021","cra-arc","CERS and Lockdown Support claims - detailed data","e6393d99-9b45-4c85-a68d-ea44fe7f4412","primary","P1M",1
"Mon May 24 06:34:48 2021","cra-arc","CERS and Lockdown Support claims - detailed data","e6393d99-9b45-4c85-a68d-ea44fe7f4412","primary","P1M",1
"Mon May 24 07:41:49 2021","cra-arc","CERS and Lockdown Support claims - detailed data","e6393d99-9b45-4c85-a68d-ea44fe7f4412","primary","P1M",1
"Mon May 24 08:35:03 2021","cra-arc","CERS and Lockdown Support claims - detailed data","e6393d99-9b45-4c85-a68d-ea44fe7f4412","primary","P1M",1
"Mon May 24 09:31:50 2021","cra-arc","CERS and Lockdown Support claims - detailed data","e6393d99-9b45-4c85-a68d-ea44fe7f4412","primary","P1M",1
"Mon May 24 10:39:00 2021","cra-arc","CERS and Lockdown Support claims - detailed data","e6393d99-9b45-4c85-a68d-ea44fe7f4412","primary","P1M",1
"Mon May 24 11:34:37 2021","cra-arc","CERS and Lockdown Support claims - detailed data","e6393d99-9b45-4c85-a68d-ea44fe7f4412","primary","P1M",1
"Mon May 24 12:38:17 2021","cra-arc","CERS and Lockdown Support claims - detailed data","e6393d99-9b45-4c85-a68d-ea44fe7f4412","primary","P1M",1
"Mon May 24 13:49:06 2021","cra-arc","CERS and Lockdown Support claims - detailed data","e6393d99-9b45-4c85-a68d-ea44fe7f4412","primary","P1M",1
"Mon May 24 14:30:38 2021","cra-arc","CERS and Lockdown Support claims - detailed data","e6393d99-9b45-4c85-a68d-ea44fe7f4412","primary","P1M",1
"Mon May 24 15:33:05 2021","cra-arc","CERS and Lockdown Support claims - detailed data","e6393d99-9b45-4c85-a68d-ea44fe7f4412","primary","P1M",1
"Mon May 24 16:48:22 2021","cra-arc","CERS and Lockdown Support claims - detailed data","e6393d99-9b45-4c85-a68d-ea44fe7f4412","primary","P1M",1
"Mon May 24 18:07:01 2021","cra-arc","CERS and Lockdown Support claims - detailed data","e6393d99-9b45-4c85-a68d-ea44fe7f4412","primary","P1M",1
"Mon May 24 18:55:13 2021","cra-arc","CERS and Lockdown Support claims - detailed data","e6393d99-9b45-4c85-a68d-ea44fe7f4412","primary","P1M",1
"Mon May 24 19:46:44 2021","cra-arc","CERS and Lockdown Support claims - detailed data","e6393d99-9b45-4c85-a68d-ea44fe7f4412","primary","P1M",1
"Mon May 24 20:34:20 2021","cra-arc","CERS and Lockdown Support claims - detailed data","e6393d99-9b45-4c85-a68d-ea44fe7f4412","primary","P1M",1
"Mon May 24 21:27:35 2021","cra-arc","CERS and Lockdown Support claims - detailed data","e6393d99-9b45-4c85-a68d-ea44fe7f4412","primary","P1M",1
"Mon May 24 22:35:54 2021","cra-arc","CERS and Lockdown Support claims - detailed data","e6393d99-9b45-4c85-a68d-ea44fe7f4412","primary","P1M",1
"Mon May 24 23:30:59 2021","cra-arc","CERS and Lockdown Support claims - detailed data","e6393d99-9b45-4c85-a68d-ea44fe7f4412","primary","P1M",1
"Tue May 25 00:58:11 2021","cra-arc","CERS and Lockdown Support claims - detailed data","e6393d99-9b45-4c85-a68d-ea44fe7f4412","primary","P1M",1
"Tue May 25 02:42:03 2021","cra-arc","CERS and Lockdown Support claims - detailed data","e6393d99-9b45-4c85-a68d-ea44fe7f4412","primary","P1M",1
"Tue May 25 04:02:25 2021","cra-arc","CERS and Lockdown Support claims - detailed data","e6393d99-9b45-4c85-a68d-ea44fe7f4412","primary","P1M",1
"Tue May 25 04:52:01 2021","cra-arc","CERS and Lockdown Support claims - detailed data","e6393d99-9b45-4c85-a68d-ea44fe7f4412","primary","P1M",1
"Tue May 25 05:51:22 2021","cra-arc","CERS and Lockdown Support claims - detailed data","e6393d99-9b45-4c85-a68d-ea44fe7f4412","primary","P1M",1
"Tue May 25 06:46:10 2021","cra-arc","CERS and Lockdown Support claims - detailed data","e6393d99-9b45-4c85-a68d-ea44fe7f4412","primary","P1M",1
"Tue May 25 07:43:47 2021","cra-arc","CERS and Lockdown Support claims - detailed data","e6393d99-9b45-4c85-a68d-ea44fe7f4412","primary","P1M",1
"Tue May 25 08:39:47 2021","cra-arc","CERS and Lockdown Support claims - detailed data","e6393d99-9b45-4c85-a68d-ea44fe7f4412","primary","P1M",1
"Tue May 25 09:39:09 2021","cra-arc","CERS and Lockdown Support claims - detailed data","e6393d99-9b45-4c85-a68d-ea44fe7f4412","primary","P1M",1
"Tue May 25 10:36:46 2021","cra-arc","CERS and Lockdown Support claims - detailed data","e6393d99-9b45-4c85-a68d-ea44fe7f4412","primary","P1M",1
"Tue May 25 11:39:03 2021","cra-arc","CERS and Lockdown Support claims - detailed data","e6393d99-9b45-4c85-a68d-ea44fe7f4412","primary","P1M",1
"Tue May 25 12:37:48 2021","cra-arc","CERS and Lockdown Support claims - detailed data","e6393d99-9b45-4c85-a68d-ea44fe7f4412","primary","P1M",1
"Tue May 25 13:56:48 2021","cra-arc","CERS and Lockdown Support claims - detailed data","e6393d99-9b45-4c85-a68d-ea44fe7f4412","primary","P1M",1
"Tue May 25 14:35:44 2021","cra-arc","CERS and Lockdown Support claims - detailed data","e6393d99-9b45-4c85-a68d-ea44fe7f4412","primary","P1M",1
"Tue May 25 15:32:33 2021","cra-arc","CERS and Lockdown Support claims - detailed data","e6393d99-9b45-4c85-a68d-ea44fe7f4412","primary","P1M",1
"Tue May 25 16:56:19 2021","cra-arc","CERS and Lockdown Support claims - detailed data","e6393d99-9b45-4c85-a68d-ea44fe7f4412","primary","P1M",1
"Tue May 25 18:23:19 2021","cra-arc","CERS and Lockdown Support claims - detailed data","e6393d99-9b45-4c85-a68d-ea44fe7f4412","primary","P1M",1
"Tue May 25 19:50:22 2021","cra-arc","CERS and Lockdown Support claims - detailed data","e6393d99-9b45-4c85-a68d-ea44fe7f4412","primary","P1M",1
"Tue May 25 20:33:52 2021","cra-arc","CERS and Lockdown Support claims - detailed data","e6393d99-9b45-4c85-a68d-ea44fe7f4412","primary","P1M",1
"Tue May 25 21:31:16 2021","cra-arc","CERS and Lockdown Support claims - detailed data","e6393d99-9b45-4c85-a68d-ea44fe7f4412","primary","P1M",1
"Tue May 25 22:33:58 2021","cra-arc","CERS and Lockdown Support claims - detailed data","e6393d99-9b45-4c85-a68d-ea44fe7f4412","primary","P1M",1
"Tue May 25 23:32:58 2021","cra-arc","CERS and Lockdown Support claims - detailed data","e6393d99-9b45-4c85-a68d-ea44fe7f4412","primary","P1M",1
"Wed May 26 01:10:39 2021","cra-arc","CERS and Lockdown Support claims - detailed data","e6393d99-9b45-4c85-a68d-ea44fe7f4412","primary","P1M",1
"Wed May 26 03:05:24 2021","cra-arc","CERS and Lockdown Support claims - detailed data","e6393d99-9b45-4c85-a68d-ea44fe7f4412","primary","P1M",1
"Wed May 26 04:23:52 2021","cra-arc","CERS and Lockdown Support claims - detailed data","e6393d99-9b45-4c85-a68d-ea44fe7f4412","primary","P1M",1
"Wed May 26 06:02:45 2021","cra-arc","CERS and Lockdown Support claims - detailed data","e6393d99-9b45-4c85-a68d-ea44fe7f4412","primary","P1M",1
"Wed May 26 06:54:28 2021","cra-arc","CERS and Lockdown Support claims - detailed data","e6393d99-9b45-4c85-a68d-ea44fe7f4412","primary","P1M",1
"Wed May 26 08:00:24 2021","cra-arc","CERS and Lockdown Support claims - detailed data","e6393d99-9b45-4c85-a68d-ea44fe7f4412","primary","P1M",1
"Wed May 26 08:46:32 2021","cra-arc","CERS and Lockdown Support claims - detailed data","e6393d99-9b45-4c85-a68d-ea44fe7f4412","primary","P1M",1
"Wed May 26 09:40:35 2021","cra-arc","CERS and Lockdown Support claims - detailed data","e6393d99-9b45-4c85-a68d-ea44fe7f4412","primary","P1M",1
"Wed May 26 10:41:21 2021","cra-arc","CERS and Lockdown Support claims - detailed data","e6393d99-9b45-4c85-a68d-ea44fe7f4412","primary","P1M",1
"Wed May 26 11:39:00 2021","cra-arc","CERS and Lockdown Support claims - detailed data","e6393d99-9b45-4c85-a68d-ea44fe7f4412","primary","P1M",1
"Wed May 26 12:39:13 2021","cra-arc","CERS and Lockdown Support claims - detailed data","e6393d99-9b45-4c85-a68d-ea44fe7f4412","primary","P1M",1
"Wed May 26 13:59:54 2021","cra-arc","CERS and Lockdown Support claims - detailed data","e6393d99-9b45-4c85-a68d-ea44fe7f4412","primary","P1M",1
"Wed May 26 14:45:22 2021","rcmp-grc","RCMP remission policy","9008db9b-3d67-415a-b908-91c09bd9dae6","publication","as_needed",1
"Wed May 26 15:37:24 2021","rcmp-grc","RCMP remission policy","9008db9b-3d67-415a-b908-91c09bd9dae6","publication","as_needed",1
"Wed May 26 16:59:01 2021","rcmp-grc","RCMP remission policy","9008db9b-3d67-415a-b908-91c09bd9dae6","publication","as_needed",1
"Wed May 26 18:32:05 2021","rcmp-grc","RCMP remission policy","9008db9b-3d67-415a-b908-91c09bd9dae6","publication","as_needed",1
"Wed May 26 20:02:53 2021","rcmp-grc","RCMP remission policy","9008db9b-3d67-415a-b908-91c09bd9dae6","publication","as_needed",1
"Wed May 26 20:44:19 2021","rcmp-grc","RCMP remission policy","9008db9b-3d67-415a-b908-91c09bd9dae6","publication","as_needed",1
"Wed May 26 21:35:26 2021","rcmp-grc","RCMP remission policy","9008db9b-3d67-415a-b908-91c09bd9dae6","publication","as_needed",1
"Wed May 26 22:37:28 2021","rcmp-grc","RCMP remission policy","9008db9b-3d67-415a-b908-91c09bd9dae6","publication","as_needed",1
"Wed May 26 23:39:38 2021","rcmp-grc","RCMP remission policy","9008db9b-3d67-415a-b908-91c09bd9dae6","publication","as_needed",1
"Thu May 27 01:14:49 2021","rcmp-grc","RCMP remission policy","9008db9b-3d67-415a-b908-91c09bd9dae6","publication","as_needed",1
"Thu May 27 03:34:01 2021","rcmp-grc","RCMP remission policy","9008db9b-3d67-415a-b908-91c09bd9dae6","publication","as_needed",1
"Thu May 27 05:15:14 2021","rcmp-grc","RCMP remission policy","9008db9b-3d67-415a-b908-91c09bd9dae6","publication","as_needed",1
"Thu May 27 06:17:27 2021","rcmp-grc","RCMP remission policy","9008db9b-3d67-415a-b908-91c09bd9dae6","publication","as_needed",1
"Thu May 27 06:59:42 2021","rcmp-grc","RCMP remission policy","9008db9b-3d67-415a-b908-91c09bd9dae6","publication","as_needed",1
"Thu May 27 08:06:44 2021","rcmp-grc","RCMP remission policy","9008db9b-3d67-415a-b908-91c09bd9dae6","publication","as_needed",1
"Thu May 27 08:56:43 2021","rcmp-grc","RCMP remission policy","9008db9b-3d67-415a-b908-91c09bd9dae6","publication","as_needed",1
"Thu May 27 09:54:15 2021","rcmp-grc","RCMP remission policy","9008db9b-3d67-415a-b908-91c09bd9dae6","publication","as_needed",1
"Thu May 27 10:50:09 2021","rcmp-grc","RCMP remission policy","9008db9b-3d67-415a-b908-91c09bd9dae6","publication","as_needed",1
"Thu May 27 11:49:48 2021","rcmp-grc","RCMP remission policy","9008db9b-3d67-415a-b908-91c09bd9dae6","publication","as_needed",1
"Thu May 27 12:52:48 2021","rcmp-grc","RCMP remission policy","9008db9b-3d67-415a-b908-91c09bd9dae6","publication","as_needed",1
"Thu May 27 14:06:13 2021","rcmp-grc","RCMP remission policy","9008db9b-3d67-415a-b908-91c09bd9dae6","publication","as_needed",1
"Thu May 27 14:51:43 2021","nrcan-rncan","Eligible product lists for Cold Climate Air Source Heat Pump in Quebec and Nova Scotia under the Canada Greener Homes Grant","aa2b8b75-e626-48ba-9942-a2e797afcbfa","primary","not_planned",1
"Thu May 27 15:44:21 2021","nrcan-rncan","Eligible product lists for Cold Climate Air Source Heat Pump in Quebec and Nova Scotia under the Canada Greener Homes Grant","aa2b8b75-e626-48ba-9942-a2e797afcbfa","primary","not_planned",1
"Thu May 27 17:14:00 2021","nrcan-rncan","Eligible product lists for Ground Source Heat Pumps under the Canada Greener Homes Grant ","3b0f258b-0d15-40a8-954e-dc0b7051b11f","primary","not_planned",1
"Thu May 27 18:50:17 2021","nrcan-rncan","Eligible product lists for Ground Source Heat Pumps under the Canada Greener Homes Grant ","3b0f258b-0d15-40a8-954e-dc0b7051b11f","primary","not_planned",1
"Thu May 27 20:07:15 2021","nrcan-rncan","Eligible product lists for Ground Source Heat Pumps under the Canada Greener Homes Grant ","3b0f258b-0d15-40a8-954e-dc0b7051b11f","primary","not_planned",1
"Thu May 27 20:39:38 2021","nrcan-rncan","Eligible product lists for Ground Source Heat Pumps under the Canada Greener Homes Grant ","3b0f258b-0d15-40a8-954e-dc0b7051b11f","primary","not_planned",1
"Thu May 27 21:38:34 2021","nrcan-rncan","Eligible product lists for Ground Source Heat Pumps under the Canada Greener Homes Grant ","3b0f258b-0d15-40a8-954e-dc0b7051b11f","primary","not_planned",1
"Thu May 27 22:39:52 2021","nrcan-rncan","Eligible product lists for Ground Source Heat Pumps under the Canada Greener Homes Grant ","3b0f258b-0d15-40a8-954e-dc0b7051b11f","primary","not_planned",1
"Thu May 27 23:43:03 2021","nrcan-rncan","Eligible product lists for Ground Source Heat Pumps under the Canada Greener Homes Grant ","3b0f258b-0d15-40a8-954e-dc0b7051b11f","primary","not_planned",1
"Fri May 28 01:19:57 2021","nrcan-rncan","Eligible product lists for Ground Source Heat Pumps under the Canada Greener Homes Grant ","3b0f258b-0d15-40a8-954e-dc0b7051b11f","primary","not_planned",1
"Fri May 28 04:23:47 2021","nrcan-rncan","Eligible product lists for Ground Source Heat Pumps under the Canada Greener Homes Grant ","3b0f258b-0d15-40a8-954e-dc0b7051b11f","primary","not_planned",1
"Fri May 28 06:34:59 2021","nrcan-rncan","Eligible product lists for Ground Source Heat Pumps under the Canada Greener Homes Grant ","3b0f258b-0d15-40a8-954e-dc0b7051b11f","primary","not_planned",1
"Fri May 28 08:13:07 2021","nrcan-rncan","Eligible product lists for Ground Source Heat Pumps under the Canada Greener Homes Grant ","3b0f258b-0d15-40a8-954e-dc0b7051b11f","primary","not_planned",1
"Fri May 28 08:59:06 2021","nrcan-rncan","Eligible product lists for Ground Source Heat Pumps under the Canada Greener Homes Grant ","3b0f258b-0d15-40a8-954e-dc0b7051b11f","primary","not_planned",1
"Fri May 28 09:54:19 2021","nrcan-rncan","Eligible product lists for Ground Source Heat Pumps under the Canada Greener Homes Grant ","3b0f258b-0d15-40a8-954e-dc0b7051b11f","primary","not_planned",1
"Fri May 28 10:58:27 2021","nrcan-rncan","Eligible product lists for Ground Source Heat Pumps under the Canada Greener Homes Grant ","3b0f258b-0d15-40a8-954e-dc0b7051b11f","primary","not_planned",1
"Fri May 28 11:59:03 2021","nrcan-rncan","Eligible product lists for Ground Source Heat Pumps under the Canada Greener Homes Grant ","3b0f258b-0d15-40a8-954e-dc0b7051b11f","primary","not_planned",1
"Fri May 28 12:57:14 2021","statcan","Impact on credit rating due to the pandemic, by business characteristics, second quarter of 2021","64dc2e5c-dcdd-4156-bebc-a989affa0a9c","primary","as_needed",1
"Fri May 28 14:16:37 2021","statcan","Impact on credit rating due to the pandemic, by business characteristics, second quarter of 2021","64dc2e5c-dcdd-4156-bebc-a989affa0a9c","primary","as_needed",1
"Fri May 28 14:53:32 2021","cfia-acia","Bisphenol A and BPA Alternatives in Selected Canned Foods and Infant Formula - April 1, 2018 to March 31, 2019","b8686c21-a8ef-4037-8478-353ed45a0145","primary","not_planned",1
"Fri May 28 15:35:48 2021","iaac-aeic","Meeting Minutes of the Indigenous Advisory Committee (2020)","4be163fc-1731-40b9-b7b0-dd0a2bacecc9","publication","not_planned",1
"Fri May 28 17:11:11 2021","hc-sc","Federal actions on opioids to date","be1ba722-9094-4e73-a5b5-f945fde6a055","publication","as_needed",1
"Fri May 28 18:59:07 2021","phac-aspc","Addressing vaccine hesitancy in the context of COVID-19: A primer for health care providers","b51c2498-d287-4ac4-ac52-7771ead709e8","publication","as_needed",1
"Fri May 28 20:26:43 2021","hc-sc","COVID-19: Readiness criteria and indicators for easing restrictive public health measures","b9aa8782-9ad1-48c6-a625-22c1c65f6c8c","publication","as_needed",1
"Fri May 28 21:42:19 2021","hc-sc","COVID-19: Readiness criteria and indicators for easing restrictive public health measures","b9aa8782-9ad1-48c6-a625-22c1c65f6c8c","publication","as_needed",1
"Fri May 28 22:41:58 2021","hc-sc","COVID-19: Readiness criteria and indicators for easing restrictive public health measures","b9aa8782-9ad1-48c6-a625-22c1c65f6c8c","publication","as_needed",1
"Fri May 28 23:46:18 2021","hc-sc","COVID-19: Readiness criteria and indicators for easing restrictive public health measures","b9aa8782-9ad1-48c6-a625-22c1c65f6c8c","publication","as_needed",1
"Sat May 29 01:32:01 2021","hc-sc","COVID-19: Readiness criteria and indicators for easing restrictive public health measures","b9aa8782-9ad1-48c6-a625-22c1c65f6c8c","publication","as_needed",1
"Sat May 29 04:52:12 2021","hc-sc","COVID-19: Readiness criteria and indicators for easing restrictive public health measures","b9aa8782-9ad1-48c6-a625-22c1c65f6c8c","publication","as_needed",1
"Sat May 29 07:02:08 2021","hc-sc","COVID-19: Readiness criteria and indicators for easing restrictive public health measures","b9aa8782-9ad1-48c6-a625-22c1c65f6c8c","publication","as_needed",1
"Sat May 29 08:37:01 2021","hc-sc","COVID-19: Readiness criteria and indicators for easing restrictive public health measures","b9aa8782-9ad1-48c6-a625-22c1c65f6c8c","publication","as_needed",1
"Sat May 29 10:06:29 2021","hc-sc","COVID-19: Readiness criteria and indicators for easing restrictive public health measures","b9aa8782-9ad1-48c6-a625-22c1c65f6c8c","publication","as_needed",1
"Sat May 29 11:02:59 2021","hc-sc","COVID-19: Readiness criteria and indicators for easing restrictive public health measures","b9aa8782-9ad1-48c6-a625-22c1c65f6c8c","publication","as_needed",1
"Sat May 29 11:57:32 2021","hc-sc","COVID-19: Readiness criteria and indicators for easing restrictive public health measures","b9aa8782-9ad1-48c6-a625-22c1c65f6c8c","publication","as_needed",1
"Sat May 29 12:58:56 2021","hc-sc","COVID-19: Readiness criteria and indicators for easing restrictive public health measures","b9aa8782-9ad1-48c6-a625-22c1c65f6c8c","publication","as_needed",1
"Sat May 29 14:27:12 2021","hc-sc","COVID-19: Readiness criteria and indicators for easing restrictive public health measures","b9aa8782-9ad1-48c6-a625-22c1c65f6c8c","publication","as_needed",1
"Sat May 29 15:40:10 2021","hc-sc","COVID-19: Readiness criteria and indicators for easing restrictive public health measures","b9aa8782-9ad1-48c6-a625-22c1c65f6c8c","publication","as_needed",1
"Sat May 29 17:11:43 2021","hc-sc","COVID-19: Readiness criteria and indicators for easing restrictive public health measures","b9aa8782-9ad1-48c6-a625-22c1c65f6c8c","publication","as_needed",1
"Sat May 29 19:06:05 2021","hc-sc","COVID-19: Readiness criteria and indicators for easing restrictive public health measures","b9aa8782-9ad1-48c6-a625-22c1c65f6c8c","publication","as_needed",1
"Sat May 29 20:31:44 2021","hc-sc","COVID-19: Readiness criteria and indicators for easing restrictive public health measures","b9aa8782-9ad1-48c6-a625-22c1c65f6c8c","publication","as_needed",1
"Sat May 29 21:41:52 2021","hc-sc","COVID-19: Readiness criteria and indicators for easing restrictive public health measures","b9aa8782-9ad1-48c6-a625-22c1c65f6c8c","publication","as_needed",1
"Sat May 29 22:44:24 2021","hc-sc","COVID-19: Readiness criteria and indicators for easing restrictive public health measures","b9aa8782-9ad1-48c6-a625-22c1c65f6c8c","publication","as_needed",1
"Sat May 29 23:50:16 2021","hc-sc","COVID-19: Readiness criteria and indicators for easing restrictive public health measures","b9aa8782-9ad1-48c6-a625-22c1c65f6c8c","publication","as_needed",1
"Sun May 30 01:40:55 2021","hc-sc","COVID-19: Readiness criteria and indicators for easing restrictive public health measures","b9aa8782-9ad1-48c6-a625-22c1c65f6c8c","publication","as_needed",1
"Sun May 30 04:57:48 2021","hc-sc","COVID-19: Readiness criteria and indicators for easing restrictive public health measures","b9aa8782-9ad1-48c6-a625-22c1c65f6c8c","publication","as_needed",1
"Sun May 30 06:56:44 2021","hc-sc","COVID-19: Readiness criteria and indicators for easing restrictive public health measures","b9aa8782-9ad1-48c6-a625-22c1c65f6c8c","publication","as_needed",1
"Sun May 30 08:23:28 2021","hc-sc","COVID-19: Readiness criteria and indicators for easing restrictive public health measures","b9aa8782-9ad1-48c6-a625-22c1c65f6c8c","publication","as_needed",1
"Sun May 30 09:59:24 2021","hc-sc","COVID-19: Readiness criteria and indicators for easing restrictive public health measures","b9aa8782-9ad1-48c6-a625-22c1c65f6c8c","publication","as_needed",1
"Sun May 30 10:57:09 2021","hc-sc","COVID-19: Readiness criteria and indicators for easing restrictive public health measures","b9aa8782-9ad1-48c6-a625-22c1c65f6c8c","publication","as_needed",1
"Sun May 30 11:59:41 2021","hc-sc","COVID-19: Readiness criteria and indicators for easing restrictive public health measures","b9aa8782-9ad1-48c6-a625-22c1c65f6c8c","publication","as_needed",1
"Sun May 30 12:55:19 2021","hc-sc","COVID-19: Readiness criteria and indicators for easing restrictive public health measures","b9aa8782-9ad1-48c6-a625-22c1c65f6c8c","publication","as_needed",1
"Sun May 30 14:23:28 2021","hc-sc","COVID-19: Readiness criteria and indicators for easing restrictive public health measures","b9aa8782-9ad1-48c6-a625-22c1c65f6c8c","publication","as_needed",1
"Sun May 30 15:37:24 2021","hc-sc","COVID-19: Readiness criteria and indicators for easing restrictive public health measures","b9aa8782-9ad1-48c6-a625-22c1c65f6c8c","publication","as_needed",1
"Sun May 30 17:14:27 2021","hc-sc","COVID-19: Readiness criteria and indicators for easing restrictive public health measures","b9aa8782-9ad1-48c6-a625-22c1c65f6c8c","publication","as_needed",1
"Sun May 30 19:03:27 2021","hc-sc","COVID-19: Readiness criteria and indicators for easing restrictive public health measures","b9aa8782-9ad1-48c6-a625-22c1c65f6c8c","publication","as_needed",1
"Sun May 30 20:29:53 2021","hc-sc","COVID-19: Readiness criteria and indicators for easing restrictive public health measures","b9aa8782-9ad1-48c6-a625-22c1c65f6c8c","publication","as_needed",1
"Sun May 30 21:45:28 2021","hc-sc","COVID-19: Readiness criteria and indicators for easing restrictive public health measures","b9aa8782-9ad1-48c6-a625-22c1c65f6c8c","publication","as_needed",1
"Sun May 30 22:47:01 2021","hc-sc","COVID-19: Readiness criteria and indicators for easing restrictive public health measures","b9aa8782-9ad1-48c6-a625-22c1c65f6c8c","publication","as_needed",1
"Sun May 30 23:50:59 2021","hc-sc","COVID-19: Readiness criteria and indicators for easing restrictive public health measures","b9aa8782-9ad1-48c6-a625-22c1c65f6c8c","publication","as_needed",1
"Mon May 31 01:53:52 2021","hc-sc","COVID-19: Readiness criteria and indicators for easing restrictive public health measures","b9aa8782-9ad1-48c6-a625-22c1c65f6c8c","publication","as_needed",1
"Mon May 31 05:06:01 2021","hc-sc","COVID-19: Readiness criteria and indicators for easing restrictive public health measures","b9aa8782-9ad1-48c6-a625-22c1c65f6c8c","publication","as_needed",1
"Mon May 31 07:05:38 2021","hc-sc","COVID-19: Readiness criteria and indicators for easing restrictive public health measures","b9aa8782-9ad1-48c6-a625-22c1c65f6c8c","publication","as_needed",1
"Mon May 31 08:45:28 2021","hc-sc","COVID-19: Readiness criteria and indicators for easing restrictive public health measures","b9aa8782-9ad1-48c6-a625-22c1c65f6c8c","publication","as_needed",1
"Mon May 31 10:13:44 2021","hc-sc","COVID-19: Readiness criteria and indicators for easing restrictive public health measures","b9aa8782-9ad1-48c6-a625-22c1c65f6c8c","publication","as_needed",1
"Mon May 31 11:10:23 2021","hc-sc","COVID-19: Readiness criteria and indicators for easing restrictive public health measures","b9aa8782-9ad1-48c6-a625-22c1c65f6c8c","publication","as_needed",1
"Mon May 31 12:12:28 2021","hc-sc","COVID-19: Readiness criteria and indicators for easing restrictive public health measures","b9aa8782-9ad1-48c6-a625-22c1c65f6c8c","publication","as_needed",1
"Mon May 31 13:07:32 2021","statcan","Balance of international payments, flows of Canadian direct investment abroad and foreign direct investment in Canada on a gross and net basis, quarterly","c08689a6-a248-4916-92c0-f6ca8e8edc95","primary","P3M",1
"Mon May 31 14:27:40 2021","nrcan-rncan","Canada's National Forest Inventory (NFI) 2006","e2fadaeb-3106-4111-9d1c-f9791d83fbf4","fgp","as_needed",1
"Mon May 31 15:44:18 2021","dfo-mpo","Line P Climatology (1956-2012)","d12fbdea-4a96-4185-be93-30b39c635b14","fgp","as_needed",1
"Mon May 31 17:32:29 2021","dfo-mpo","Line P Climatology (1956-2012)","d12fbdea-4a96-4185-be93-30b39c635b14","fgp","as_needed",1
"Mon May 31 19:58:14 2021","phac-aspc","CCDR: Volume 47-2 February 2021:  HIV Testing in Canada in the Past Decade 2009–2019","81cf339f-0cf8-4ed3-a1c3-682fc51ec087","publication","P2M",1
"Mon May 31 21:22:32 2021","phac-aspc","CCDR: Volume 47-2 February 2021:  HIV Testing in Canada in the Past Decade 2009–2019","81cf339f-0cf8-4ed3-a1c3-682fc51ec087","publication","P2M",1
"Mon May 31 22:54:25 2021","phac-aspc","CCDR: Volume 47-2 February 2021:  HIV Testing in Canada in the Past Decade 2009–2019","81cf339f-0cf8-4ed3-a1c3-682fc51ec087","publication","P2M",1
"Tue Jun  1 00:02:04 2021","phac-aspc","CCDR: Volume 47-2 February 2021:  HIV Testing in Canada in the Past Decade 2009–2019","81cf339f-0cf8-4ed3-a1c3-682fc51ec087","publication","P2M",1
"Tue Jun  1 02:08:43 2021","phac-aspc","CCDR: Volume 47-2 February 2021:  HIV Testing in Canada in the Past Decade 2009–2019","81cf339f-0cf8-4ed3-a1c3-682fc51ec087","publication","P2M",1
"Tue Jun  1 05:40:19 2021","phac-aspc","CCDR: Volume 47-2 February 2021:  HIV Testing in Canada in the Past Decade 2009–2019","81cf339f-0cf8-4ed3-a1c3-682fc51ec087","publication","P2M",1
"Tue Jun  1 08:02:36 2021","phac-aspc","CCDR: Volume 47-2 February 2021:  HIV Testing in Canada in the Past Decade 2009–2019","81cf339f-0cf8-4ed3-a1c3-682fc51ec087","publication","P2M",1
"Tue Jun  1 09:33:27 2021","phac-aspc","CCDR: Volume 47-2 February 2021:  HIV Testing in Canada in the Past Decade 2009–2019","81cf339f-0cf8-4ed3-a1c3-682fc51ec087","publication","P2M",1
"Tue Jun  1 11:13:56 2021","phac-aspc","CCDR: Volume 47-2 February 2021:  HIV Testing in Canada in the Past Decade 2009–2019","81cf339f-0cf8-4ed3-a1c3-682fc51ec087","publication","P2M",1
"Tue Jun  1 12:09:32 2021","phac-aspc","CCDR: Volume 47-2 February 2021:  HIV Testing in Canada in the Past Decade 2009–2019","81cf339f-0cf8-4ed3-a1c3-682fc51ec087","publication","P2M",1
"Tue Jun  1 13:15:22 2021","hc-sc","Plasma Donation in Canada","1a919b74-8839-4507-b3e8-df0706ce8348","publication","as_needed",1
"Tue Jun  1 14:43:37 2021","chrc-ccdp","Briefing binder used by Chief Commissioner of the Canadian Human Rights Commission (CHRC) before the Senate Standing Committee on Legal and Constitutional Affairs (LCJC) concerning Bill C-7, An Act to amend the Criminal Code (medical assistance in dying).","08dbbd00-c4d6-4bb9-9837-05226b3efc36","parliament_committee_deputy","not_planned",1
"Tue Jun  1 15:55:58 2021","chrc-ccdp","Briefing binder used by Chief Commissioner of the Canadian Human Rights Commission (CHRC) before the Senate Standing Committee on Legal and Constitutional Affairs (LCJC) concerning Bill C-7, An Act to amend the Criminal Code (medical assistance in dying).","08dbbd00-c4d6-4bb9-9837-05226b3efc36","parliament_committee_deputy","not_planned",1
"Tue Jun  1 17:55:12 2021","hc-sc","Guidance Document: Conduct and Analysis of Comparative Bioavailability Studies","0c997f9f-5825-4702-b01c-dc6b79279197","publication","as_needed",1
"Tue Jun  1 20:39:03 2021","hc-sc","Final Guidance Document Data Requirements for Safety and Effectiveness of Steroid Nasal Products for Use in the Treatment of Allergic Rhinitis for Industry","56795185-65af-4c0e-b7d8-6c95442d4d1c","publication","as_needed",1
"Tue Jun  1 22:26:43 2021","hc-sc","Final Guidance Document Data Requirements for Safety and Effectiveness of Steroid Nasal Products for Use in the Treatment of Allergic Rhinitis for Industry","56795185-65af-4c0e-b7d8-6c95442d4d1c","publication","as_needed",1
"Wed Jun  2 00:06:04 2021","hc-sc","Final Guidance Document Data Requirements for Safety and Effectiveness of Steroid Nasal Products for Use in the Treatment of Allergic Rhinitis for Industry","56795185-65af-4c0e-b7d8-6c95442d4d1c","publication","as_needed",1
"Wed Jun  2 02:18:39 2021","hc-sc","Final Guidance Document Data Requirements for Safety and Effectiveness of Steroid Nasal Products for Use in the Treatment of Allergic Rhinitis for Industry","56795185-65af-4c0e-b7d8-6c95442d4d1c","publication","as_needed",1
"Wed Jun  2 05:42:05 2021","hc-sc","Final Guidance Document Data Requirements for Safety and Effectiveness of Steroid Nasal Products for Use in the Treatment of Allergic Rhinitis for Industry","56795185-65af-4c0e-b7d8-6c95442d4d1c","publication","as_needed",1
"Wed Jun  2 08:03:54 2021","hc-sc","Final Guidance Document Data Requirements for Safety and Effectiveness of Steroid Nasal Products for Use in the Treatment of Allergic Rhinitis for Industry","56795185-65af-4c0e-b7d8-6c95442d4d1c","publication","as_needed",1
"Wed Jun  2 10:04:53 2021","hc-sc","Final Guidance Document Data Requirements for Safety and Effectiveness of Steroid Nasal Products for Use in the Treatment of Allergic Rhinitis for Industry","56795185-65af-4c0e-b7d8-6c95442d4d1c","publication","as_needed",1
"Wed Jun  2 11:37:23 2021","hc-sc","Final Guidance Document Data Requirements for Safety and Effectiveness of Steroid Nasal Products for Use in the Treatment of Allergic Rhinitis for Industry","56795185-65af-4c0e-b7d8-6c95442d4d1c","publication","as_needed",1
"Wed Jun  2 13:14:14 2021","nrcan-rncan","Total live above-ground biomass in Canada 2006","53af4b0e-015b-405e-8de8-e7eb4498eda1","fgp","as_needed",1
"Wed Jun  2 14:52:40 2021","nrcan-rncan","Total live above-ground biomass in Canada 2006","53af4b0e-015b-405e-8de8-e7eb4498eda1","fgp","as_needed",1
"Wed Jun  2 16:11:03 2021","nrcan-rncan","Forest height in Canada 2006","3b860e37-32e6-4f47-a423-a7519ffa4429","fgp","as_needed",1
"Wed Jun  2 18:13:33 2021","nrcan-rncan","Forest height in Canada 2006","3b860e37-32e6-4f47-a423-a7519ffa4429","fgp","as_needed",1
"Wed Jun  2 20:40:37 2021","dfo-mpo","Pacific Herring spawn index data","d892511c-d851-4f85-a0ec-708bc05d2810","fgp","P1Y",1
"Wed Jun  2 22:20:46 2021","dfo-mpo","Pacific Herring spawn index data","d892511c-d851-4f85-a0ec-708bc05d2810","fgp","P1Y",1
"Thu Jun  3 00:00:13 2021","dfo-mpo","Pacific Herring spawn index data","d892511c-d851-4f85-a0ec-708bc05d2810","fgp","P1Y",1
"Thu Jun  3 01:57:29 2021","dfo-mpo","Pacific Herring spawn index data","d892511c-d851-4f85-a0ec-708bc05d2810","fgp","P1Y",1
"Thu Jun  3 05:04:47 2021","dfo-mpo","Pacific Herring spawn index data","d892511c-d851-4f85-a0ec-708bc05d2810","fgp","P1Y",1
"Thu Jun  3 07:04:45 2021","dfo-mpo","Pacific Herring spawn index data","d892511c-d851-4f85-a0ec-708bc05d2810","fgp","P1Y",1
"Thu Jun  3 08:46:11 2021","dfo-mpo","Pacific Herring spawn index data","d892511c-d851-4f85-a0ec-708bc05d2810","fgp","P1Y",1
"Thu Jun  3 10:09:27 2021","dfo-mpo","Pacific Herring spawn index data","d892511c-d851-4f85-a0ec-708bc05d2810","fgp","P1Y",1
"Thu Jun  3 11:11:15 2021","dfo-mpo","Pacific Herring spawn index data","d892511c-d851-4f85-a0ec-708bc05d2810","fgp","P1Y",1
"Thu Jun  3 12:12:57 2021","dfo-mpo","Pacific Herring spawn index data","d892511c-d851-4f85-a0ec-708bc05d2810","fgp","P1Y",1
"Thu Jun  3 12:59:55 2021","dfo-mpo","Pacific Herring spawn index data","d892511c-d851-4f85-a0ec-708bc05d2810","fgp","P1Y",1
"Thu Jun  3 14:19:47 2021","cfia-acia","Food Colours in Essences/flavourings, oils, sweets and processed vegetables - April 1, 2018 to March 31, 2019","1b0c4141-7a22-4c93-8679-63eb49f7be24","primary","not_planned",1
"Thu Jun  3 15:46:15 2021","cfia-acia","Food Colours in Essences/flavourings, oils, sweets and processed vegetables - April 1, 2018 to March 31, 2019","1b0c4141-7a22-4c93-8679-63eb49f7be24","primary","not_planned",1
"Thu Jun  3 17:38:38 2021","cfia-acia","Food Colours in Essences/flavourings, oils, sweets and processed vegetables - April 1, 2018 to March 31, 2019","1b0c4141-7a22-4c93-8679-63eb49f7be24","primary","not_planned",1
"Thu Jun  3 20:03:14 2021","cfia-acia","Children's Food Project - 2018 Data","66c8ff38-27e8-4e1a-9270-ebbdede8a2e6","primary","not_planned",1
"Thu Jun  3 21:29:54 2021","cfia-acia","Children's Food Project - 2018 Data","66c8ff38-27e8-4e1a-9270-ebbdede8a2e6","primary","not_planned",1
"Thu Jun  3 23:04:02 2021","cfia-acia","Children's Food Project - 2018 Data","66c8ff38-27e8-4e1a-9270-ebbdede8a2e6","primary","not_planned",1
"Fri Jun  4 00:07:43 2021","cfia-acia","Children's Food Project - 2018 Data","66c8ff38-27e8-4e1a-9270-ebbdede8a2e6","primary","not_planned",1
"Fri Jun  4 01:39:46 2021","cfia-acia","Children's Food Project - 2018 Data","66c8ff38-27e8-4e1a-9270-ebbdede8a2e6","primary","not_planned",1
"Fri Jun  4 04:21:56 2021","cfia-acia","Children's Food Project - 2018 Data","66c8ff38-27e8-4e1a-9270-ebbdede8a2e6","primary","not_planned",1
"Fri Jun  4 07:03:43 2021","cfia-acia","Children's Food Project - 2018 Data","66c8ff38-27e8-4e1a-9270-ebbdede8a2e6","primary","not_planned",1
"Fri Jun  4 09:05:33 2021","cfia-acia","Children's Food Project - 2018 Data","66c8ff38-27e8-4e1a-9270-ebbdede8a2e6","primary","not_planned",1
"Fri Jun  4 10:37:53 2021","cfia-acia","Children's Food Project - 2018 Data","66c8ff38-27e8-4e1a-9270-ebbdede8a2e6","primary","not_planned",1
"Fri Jun  4 12:20:33 2021","cfia-acia","Children's Food Project - 2018 Data","66c8ff38-27e8-4e1a-9270-ebbdede8a2e6","primary","not_planned",1
"Fri Jun  4 14:38:13 2021","cfia-acia","Children's Food Project - 2018 Data","66c8ff38-27e8-4e1a-9270-ebbdede8a2e6","primary","not_planned",1
"Fri Jun  4 16:01:32 2021","cfia-acia","Children's Food Project - 2018 Data","66c8ff38-27e8-4e1a-9270-ebbdede8a2e6","primary","not_planned",1
"Fri Jun  4 17:39:34 2021","cfia-acia","Children's Food Project - 2018 Data","66c8ff38-27e8-4e1a-9270-ebbdede8a2e6","primary","not_planned",1
"Fri Jun  4 19:53:32 2021","cfia-acia","CFIA-Undeclared Allergens and Gluten in Frozen Desserts - 2015-2016","2773477a-143e-4d78-bbcc-ad11baeee0ad","primary","not_planned",1
"Fri Jun  4 21:22:06 2021","cfia-acia","CFIA-Undeclared Allergens and Gluten in Frozen Desserts - 2015-2016","2773477a-143e-4d78-bbcc-ad11baeee0ad","primary","not_planned",1
"Fri Jun  4 22:51:19 2021","cfia-acia","CFIA-Undeclared Allergens and Gluten in Frozen Desserts - 2015-2016","2773477a-143e-4d78-bbcc-ad11baeee0ad","primary","not_planned",1
"Fri Jun  4 23:55:42 2021","cfia-acia","CFIA-Undeclared Allergens and Gluten in Frozen Desserts - 2015-2016","2773477a-143e-4d78-bbcc-ad11baeee0ad","primary","not_planned",1
"Sat Jun  5 01:20:17 2021","cfia-acia","CFIA-Undeclared Allergens and Gluten in Frozen Desserts - 2015-2016","2773477a-143e-4d78-bbcc-ad11baeee0ad","primary","not_planned",1
"Sat Jun  5 03:54:33 2021","cfia-acia","CFIA-Undeclared Allergens and Gluten in Frozen Desserts - 2015-2016","2773477a-143e-4d78-bbcc-ad11baeee0ad","primary","not_planned",1
"Sat Jun  5 05:29:16 2021","cfia-acia","CFIA-Undeclared Allergens and Gluten in Frozen Desserts - 2015-2016","2773477a-143e-4d78-bbcc-ad11baeee0ad","primary","not_planned",1
"Sat Jun  5 07:05:31 2021","cfia-acia","CFIA-Undeclared Allergens and Gluten in Frozen Desserts - 2015-2016","2773477a-143e-4d78-bbcc-ad11baeee0ad","primary","not_planned",1
"Sat Jun  5 08:07:21 2021","cfia-acia","CFIA-Undeclared Allergens and Gluten in Frozen Desserts - 2015-2016","2773477a-143e-4d78-bbcc-ad11baeee0ad","primary","not_planned",1
"Sat Jun  5 08:58:06 2021","cfia-acia","CFIA-Undeclared Allergens and Gluten in Frozen Desserts - 2015-2016","2773477a-143e-4d78-bbcc-ad11baeee0ad","primary","not_planned",1
"Sat Jun  5 09:52:31 2021","cfia-acia","CFIA-Undeclared Allergens and Gluten in Frozen Desserts - 2015-2016","2773477a-143e-4d78-bbcc-ad11baeee0ad","primary","not_planned",1
"Sat Jun  5 10:58:02 2021","cfia-acia","CFIA-Undeclared Allergens and Gluten in Frozen Desserts - 2015-2016","2773477a-143e-4d78-bbcc-ad11baeee0ad","primary","not_planned",1
"Sat Jun  5 11:59:14 2021","cfia-acia","CFIA-Undeclared Allergens and Gluten in Frozen Desserts - 2015-2016","2773477a-143e-4d78-bbcc-ad11baeee0ad","primary","not_planned",1
"Sat Jun  5 12:58:31 2021","cfia-acia","CFIA-Undeclared Allergens and Gluten in Frozen Desserts - 2015-2016","2773477a-143e-4d78-bbcc-ad11baeee0ad","primary","not_planned",1
"Sat Jun  5 14:19:22 2021","cfia-acia","CFIA-Undeclared Allergens and Gluten in Frozen Desserts - 2015-2016","2773477a-143e-4d78-bbcc-ad11baeee0ad","primary","not_planned",1
"Sat Jun  5 14:58:51 2021","cfia-acia","CFIA-Undeclared Allergens and Gluten in Frozen Desserts - 2015-2016","2773477a-143e-4d78-bbcc-ad11baeee0ad","primary","not_planned",1
"Sat Jun  5 15:40:32 2021","cfia-acia","CFIA-Undeclared Allergens and Gluten in Frozen Desserts - 2015-2016","2773477a-143e-4d78-bbcc-ad11baeee0ad","primary","not_planned",1
"Sat Jun  5 17:04:58 2021","cfia-acia","CFIA-Undeclared Allergens and Gluten in Frozen Desserts - 2015-2016","2773477a-143e-4d78-bbcc-ad11baeee0ad","primary","not_planned",1
"Sat Jun  5 18:41:03 2021","cfia-acia","CFIA-Undeclared Allergens and Gluten in Frozen Desserts - 2015-2016","2773477a-143e-4d78-bbcc-ad11baeee0ad","primary","not_planned",1
"Sat Jun  5 20:07:50 2021","cfia-acia","CFIA-Undeclared Allergens and Gluten in Frozen Desserts - 2015-2016","2773477a-143e-4d78-bbcc-ad11baeee0ad","primary","not_planned",1
"Sat Jun  5 20:45:30 2021","cfia-acia","CFIA-Undeclared Allergens and Gluten in Frozen Desserts - 2015-2016","2773477a-143e-4d78-bbcc-ad11baeee0ad","primary","not_planned",1
"Sat Jun  5 21:34:38 2021","cfia-acia","CFIA-Undeclared Allergens and Gluten in Frozen Desserts - 2015-2016","2773477a-143e-4d78-bbcc-ad11baeee0ad","primary","not_planned",1
"Sat Jun  5 22:37:45 2021","cfia-acia","CFIA-Undeclared Allergens and Gluten in Frozen Desserts - 2015-2016","2773477a-143e-4d78-bbcc-ad11baeee0ad","primary","not_planned",1
"Sat Jun  5 23:40:50 2021","cfia-acia","CFIA-Undeclared Allergens and Gluten in Frozen Desserts - 2015-2016","2773477a-143e-4d78-bbcc-ad11baeee0ad","primary","not_planned",1
"Sun Jun  6 01:15:30 2021","cfia-acia","CFIA-Undeclared Allergens and Gluten in Frozen Desserts - 2015-2016","2773477a-143e-4d78-bbcc-ad11baeee0ad","primary","not_planned",1
"Sun Jun  6 03:16:23 2021","cfia-acia","CFIA-Undeclared Allergens and Gluten in Frozen Desserts - 2015-2016","2773477a-143e-4d78-bbcc-ad11baeee0ad","primary","not_planned",1
"Sun Jun  6 04:36:54 2021","cfia-acia","CFIA-Undeclared Allergens and Gluten in Frozen Desserts - 2015-2016","2773477a-143e-4d78-bbcc-ad11baeee0ad","primary","not_planned",1
"Sun Jun  6 06:24:36 2021","cfia-acia","CFIA-Undeclared Allergens and Gluten in Frozen Desserts - 2015-2016","2773477a-143e-4d78-bbcc-ad11baeee0ad","primary","not_planned",1
"Sun Jun  6 08:09:40 2021","cfia-acia","CFIA-Undeclared Allergens and Gluten in Frozen Desserts - 2015-2016","2773477a-143e-4d78-bbcc-ad11baeee0ad","primary","not_planned",1
"Sun Jun  6 09:03:02 2021","cfia-acia","CFIA-Undeclared Allergens and Gluten in Frozen Desserts - 2015-2016","2773477a-143e-4d78-bbcc-ad11baeee0ad","primary","not_planned",1
"Sun Jun  6 09:55:54 2021","cfia-acia","CFIA-Undeclared Allergens and Gluten in Frozen Desserts - 2015-2016","2773477a-143e-4d78-bbcc-ad11baeee0ad","primary","not_planned",1
"Sun Jun  6 11:00:13 2021","cfia-acia","CFIA-Undeclared Allergens and Gluten in Frozen Desserts - 2015-2016","2773477a-143e-4d78-bbcc-ad11baeee0ad","primary","not_planned",1
"Sun Jun  6 11:58:33 2021","cfia-acia","CFIA-Undeclared Allergens and Gluten in Frozen Desserts - 2015-2016","2773477a-143e-4d78-bbcc-ad11baeee0ad","primary","not_planned",1
"Sun Jun  6 12:56:06 2021","cfia-acia","CFIA-Undeclared Allergens and Gluten in Frozen Desserts - 2015-2016","2773477a-143e-4d78-bbcc-ad11baeee0ad","primary","not_planned",1
"Sun Jun  6 14:21:25 2021","cfia-acia","CFIA-Undeclared Allergens and Gluten in Frozen Desserts - 2015-2016","2773477a-143e-4d78-bbcc-ad11baeee0ad","primary","not_planned",1
"Sun Jun  6 15:37:24 2021","cfia-acia","CFIA-Undeclared Allergens and Gluten in Frozen Desserts - 2015-2016","2773477a-143e-4d78-bbcc-ad11baeee0ad","primary","not_planned",1
"Sun Jun  6 17:02:47 2021","cfia-acia","CFIA-Undeclared Allergens and Gluten in Frozen Desserts - 2015-2016","2773477a-143e-4d78-bbcc-ad11baeee0ad","primary","not_planned",1
"Sun Jun  6 18:36:25 2021","cfia-acia","CFIA-Undeclared Allergens and Gluten in Frozen Desserts - 2015-2016","2773477a-143e-4d78-bbcc-ad11baeee0ad","primary","not_planned",1
"Sun Jun  6 20:09:52 2021","cfia-acia","CFIA-Undeclared Allergens and Gluten in Frozen Desserts - 2015-2016","2773477a-143e-4d78-bbcc-ad11baeee0ad","primary","not_planned",1
"Sun Jun  6 20:44:58 2021","cfia-acia","CFIA-Undeclared Allergens and Gluten in Frozen Desserts - 2015-2016","2773477a-143e-4d78-bbcc-ad11baeee0ad","primary","not_planned",1
"Sun Jun  6 21:37:46 2021","cfia-acia","CFIA-Undeclared Allergens and Gluten in Frozen Desserts - 2015-2016","2773477a-143e-4d78-bbcc-ad11baeee0ad","primary","not_planned",1
"Sun Jun  6 22:42:51 2021","cfia-acia","CFIA-Undeclared Allergens and Gluten in Frozen Desserts - 2015-2016","2773477a-143e-4d78-bbcc-ad11baeee0ad","primary","not_planned",1
"Sun Jun  6 23:41:38 2021","cfia-acia","CFIA-Undeclared Allergens and Gluten in Frozen Desserts - 2015-2016","2773477a-143e-4d78-bbcc-ad11baeee0ad","primary","not_planned",1
"Mon Jun  7 01:17:06 2021","cfia-acia","CFIA-Undeclared Allergens and Gluten in Frozen Desserts - 2015-2016","2773477a-143e-4d78-bbcc-ad11baeee0ad","primary","not_planned",1
"Mon Jun  7 03:33:30 2021","cfia-acia","CFIA-Undeclared Allergens and Gluten in Frozen Desserts - 2015-2016","2773477a-143e-4d78-bbcc-ad11baeee0ad","primary","not_planned",1
"Mon Jun  7 05:48:50 2021","cfia-acia","CFIA-Undeclared Allergens and Gluten in Frozen Desserts - 2015-2016","2773477a-143e-4d78-bbcc-ad11baeee0ad","primary","not_planned",1
"Mon Jun  7 07:44:32 2021","cfia-acia","CFIA-Undeclared Allergens and Gluten in Frozen Desserts - 2015-2016","2773477a-143e-4d78-bbcc-ad11baeee0ad","primary","not_planned",1
"Mon Jun  7 09:31:36 2021","cfia-acia","CFIA-Undeclared Allergens and Gluten in Frozen Desserts - 2015-2016","2773477a-143e-4d78-bbcc-ad11baeee0ad","primary","not_planned",1
"Mon Jun  7 11:22:29 2021","cfia-acia","CFIA-Undeclared Allergens and Gluten in Frozen Desserts - 2015-2016","2773477a-143e-4d78-bbcc-ad11baeee0ad","primary","not_planned",1
"Mon Jun  7 12:14:57 2021","cfia-acia","CFIA-Undeclared Allergens and Gluten in Frozen Desserts - 2015-2016","2773477a-143e-4d78-bbcc-ad11baeee0ad","primary","not_planned",1
"Mon Jun  7 13:05:40 2021","cfia-acia","CFIA-Undeclared Allergens and Gluten in Frozen Desserts - 2015-2016","2773477a-143e-4d78-bbcc-ad11baeee0ad","primary","not_planned",1
"Mon Jun  7 14:38:58 2021","cfia-acia","CFIA-Undeclared Allergens and Gluten in Frozen Desserts - 2015-2016","2773477a-143e-4d78-bbcc-ad11baeee0ad","primary","not_planned",1
"Mon Jun  7 15:53:46 2021","cfia-acia","CFIA-Undeclared Allergens and Gluten in Frozen Desserts - 2015-2016","2773477a-143e-4d78-bbcc-ad11baeee0ad","primary","not_planned",1
"Mon Jun  7 17:30:41 2021","cfia-acia","CFIA-Undeclared Allergens and Gluten in Frozen Desserts - 2015-2016","2773477a-143e-4d78-bbcc-ad11baeee0ad","primary","not_planned",1
"Mon Jun  7 20:01:40 2021","nrcan-rncan","Briefing package for the Minister of Natural Resources’ appearance at the Standing Committee on Energy, the Environment and Natural Resources – February 9, 2021","1b67f725-2329-455a-a0f9-a7f76d866970","parliament_committee","as_needed",1
"Mon Jun  7 21:31:35 2021","nrcan-rncan","Briefing package for the Minister of Natural Resources’ appearance at the Standing Committee on Energy, the Environment and Natural Resources – February 9, 2021","1b67f725-2329-455a-a0f9-a7f76d866970","parliament_committee","as_needed",1
"Mon Jun  7 22:56:54 2021","nrcan-rncan","Briefing package for the Minister of Natural Resources’ appearance at the Standing Committee on Energy, the Environment and Natural Resources – February 9, 2021","1b67f725-2329-455a-a0f9-a7f76d866970","parliament_committee","as_needed",1
"Mon Jun  7 23:48:30 2021","nrcan-rncan","Briefing package for the Minister of Natural Resources’ appearance at the Standing Committee on Energy, the Environment and Natural Resources – February 9, 2021","1b67f725-2329-455a-a0f9-a7f76d866970","parliament_committee","as_needed",1
"Tue Jun  8 01:16:33 2021","nrcan-rncan","Briefing package for the Minister of Natural Resources’ appearance at the Standing Committee on Energy, the Environment and Natural Resources – February 9, 2021","1b67f725-2329-455a-a0f9-a7f76d866970","parliament_committee","as_needed",1
"Tue Jun  8 03:08:40 2021","nrcan-rncan","Briefing package for the Minister of Natural Resources’ appearance at the Standing Committee on Energy, the Environment and Natural Resources – February 9, 2021","1b67f725-2329-455a-a0f9-a7f76d866970","parliament_committee","as_needed",1
"Tue Jun  8 04:16:58 2021","nrcan-rncan","Briefing package for the Minister of Natural Resources’ appearance at the Standing Committee on Energy, the Environment and Natural Resources – February 9, 2021","1b67f725-2329-455a-a0f9-a7f76d866970","parliament_committee","as_needed",1
"Tue Jun  8 05:21:59 2021","nrcan-rncan","Briefing package for the Minister of Natural Resources’ appearance at the Standing Committee on Energy, the Environment and Natural Resources – February 9, 2021","1b67f725-2329-455a-a0f9-a7f76d866970","parliament_committee","as_needed",1
"Tue Jun  8 06:42:10 2021","nrcan-rncan","Briefing package for the Minister of Natural Resources’ appearance at the Standing Committee on Energy, the Environment and Natural Resources – February 9, 2021","1b67f725-2329-455a-a0f9-a7f76d866970","parliament_committee","as_needed",1
"Tue Jun  8 07:43:10 2021","nrcan-rncan","Briefing package for the Minister of Natural Resources’ appearance at the Standing Committee on Energy, the Environment and Natural Resources – February 9, 2021","1b67f725-2329-455a-a0f9-a7f76d866970","parliament_committee","as_needed",1
"Tue Jun  8 08:35:36 2021","nrcan-rncan","Briefing package for the Minister of Natural Resources’ appearance at the Standing Committee on Energy, the Environment and Natural Resources – February 9, 2021","1b67f725-2329-455a-a0f9-a7f76d866970","parliament_committee","as_needed",1
"Tue Jun  8 09:32:18 2021","nrcan-rncan","Briefing package for the Minister of Natural Resources’ appearance at the Standing Committee on Energy, the Environment and Natural Resources – February 9, 2021","1b67f725-2329-455a-a0f9-a7f76d866970","parliament_committee","as_needed",1
"Tue Jun  8 10:31:12 2021","nrcan-rncan","Briefing package for the Minister of Natural Resources’ appearance at the Standing Committee on Energy, the Environment and Natural Resources – February 9, 2021","1b67f725-2329-455a-a0f9-a7f76d866970","parliament_committee","as_needed",1
"Tue Jun  8 11:32:21 2021","nrcan-rncan","Briefing package for the Minister of Natural Resources’ appearance at the Standing Committee on Energy, the Environment and Natural Resources – February 9, 2021","1b67f725-2329-455a-a0f9-a7f76d866970","parliament_committee","as_needed",1
"Tue Jun  8 12:31:08 2021","nrcan-rncan","Briefing package for the Minister of Natural Resources’ appearance at the Standing Committee on Energy, the Environment and Natural Resources – February 9, 2021","1b67f725-2329-455a-a0f9-a7f76d866970","parliament_committee","as_needed",1
"Tue Jun  8 13:48:11 2021","nrcan-rncan","Briefing package for the Minister of Natural Resources’ appearance at the Standing Committee on Energy, the Environment and Natural Resources – February 9, 2021","1b67f725-2329-455a-a0f9-a7f76d866970","parliament_committee","as_needed",1
"Tue Jun  8 14:36:47 2021","nrcan-rncan","Briefing package for the Minister of Natural Resources’ appearance at the Standing Committee on Energy, the Environment and Natural Resources – February 9, 2021","1b67f725-2329-455a-a0f9-a7f76d866970","parliament_committee","as_needed",1
"Tue Jun  8 15:30:01 2021","nrcan-rncan","Briefing package for the Minister of Natural Resources’ appearance at the Standing Committee on Energy, the Environment and Natural Resources – February 9, 2021","1b67f725-2329-455a-a0f9-a7f76d866970","parliament_committee","as_needed",1
"Tue Jun  8 16:50:13 2021","nrcan-rncan","Briefing package for the Minister of Natural Resources’ appearance at the Standing Committee on Energy, the Environment and Natural Resources – February 9, 2021","1b67f725-2329-455a-a0f9-a7f76d866970","parliament_committee","as_needed",1
"Tue Jun  8 18:08:24 2021","nrcan-rncan","Briefing package for the Minister of Natural Resources’ appearance at the Standing Committee on Energy, the Environment and Natural Resources – February 9, 2021","1b67f725-2329-455a-a0f9-a7f76d866970","parliament_committee","as_needed",1
"Tue Jun  8 18:58:34 2021","nrcan-rncan","Briefing package for the Minister of Natural Resources’ appearance at the Standing Committee on Energy, the Environment and Natural Resources – February 9, 2021","1b67f725-2329-455a-a0f9-a7f76d866970","parliament_committee","as_needed",1
"Tue Jun  8 19:53:27 2021","lac-bac","2019-2022 Three-year plan: Mid-Year Report 2020-2021","bc0549e7-cc42-4392-8a67-d254916b6249","publication","not_planned",1
"Tue Jun  8 20:37:13 2021","lac-bac","2019-2022 Three-year plan: Mid-Year Report 2020-2021","bc0549e7-cc42-4392-8a67-d254916b6249","publication","not_planned",1
"Tue Jun  8 21:31:27 2021","lac-bac","2019-2022 Three-year plan: Mid-Year Report 2020-2021","bc0549e7-cc42-4392-8a67-d254916b6249","publication","not_planned",1
"Tue Jun  8 22:27:18 2021","lac-bac","2019-2022 Three-year plan: Mid-Year Report 2020-2021","bc0549e7-cc42-4392-8a67-d254916b6249","publication","not_planned",1
"Tue Jun  8 23:33:44 2021","lac-bac","2019-2022 Three-year plan: Mid-Year Report 2020-2021","bc0549e7-cc42-4392-8a67-d254916b6249","publication","not_planned",1
"Wed Jun  9 00:57:39 2021","lac-bac","2019-2022 Three-year plan: Mid-Year Report 2020-2021","bc0549e7-cc42-4392-8a67-d254916b6249","publication","not_planned",1
"Wed Jun  9 02:34:43 2021","lac-bac","2019-2022 Three-year plan: Mid-Year Report 2020-2021","bc0549e7-cc42-4392-8a67-d254916b6249","publication","not_planned",1
"Wed Jun  9 03:54:35 2021","lac-bac","2019-2022 Three-year plan: Mid-Year Report 2020-2021","bc0549e7-cc42-4392-8a67-d254916b6249","publication","not_planned",1
"Wed Jun  9 04:52:34 2021","lac-bac","2019-2022 Three-year plan: Mid-Year Report 2020-2021","bc0549e7-cc42-4392-8a67-d254916b6249","publication","not_planned",1
"Wed Jun  9 05:54:18 2021","lac-bac","2019-2022 Three-year plan: Mid-Year Report 2020-2021","bc0549e7-cc42-4392-8a67-d254916b6249","publication","not_planned",1
"Wed Jun  9 06:40:39 2021","lac-bac","2019-2022 Three-year plan: Mid-Year Report 2020-2021","bc0549e7-cc42-4392-8a67-d254916b6249","publication","not_planned",1
"Wed Jun  9 07:41:45 2021","lac-bac","2019-2022 Three-year plan: Mid-Year Report 2020-2021","bc0549e7-cc42-4392-8a67-d254916b6249","publication","not_planned",1
"Wed Jun  9 08:30:12 2021","lac-bac","2019-2022 Three-year plan: Mid-Year Report 2020-2021","bc0549e7-cc42-4392-8a67-d254916b6249","publication","not_planned",1
"Wed Jun  9 09:30:29 2021","lac-bac","2019-2022 Three-year plan: Mid-Year Report 2020-2021","bc0549e7-cc42-4392-8a67-d254916b6249","publication","not_planned",1
"Wed Jun  9 10:29:07 2021","lac-bac","2019-2022 Three-year plan: Mid-Year Report 2020-2021","bc0549e7-cc42-4392-8a67-d254916b6249","publication","not_planned",1
"Wed Jun  9 11:29:59 2021","lac-bac","2019-2022 Three-year plan: Mid-Year Report 2020-2021","bc0549e7-cc42-4392-8a67-d254916b6249","publication","not_planned",1
"Wed Jun  9 12:35:31 2021","lac-bac","2019-2022 Three-year plan: Mid-Year Report 2020-2021","bc0549e7-cc42-4392-8a67-d254916b6249","publication","not_planned",1
"Wed Jun  9 13:44:08 2021","statcan","Measures taken to overcome skill shortages, by industry and enterprise size","16351a00-3f5c-43c0-b6a4-1a0b066abb5f","primary","as_needed",1
"Wed Jun  9 14:33:06 2021","lac-bac","2019-2022 Three-year plan: Mid-Year Report 2020-2021","bc0549e7-cc42-4392-8a67-d254916b6249","publication","not_planned",1
"Wed Jun  9 15:30:11 2021","lac-bac","2019-2022 Three-year plan: Mid-Year Report 2020-2021","bc0549e7-cc42-4392-8a67-d254916b6249","publication","not_planned",1
"Wed Jun  9 16:47:24 2021","lac-bac","2019-2022 Three-year plan: Mid-Year Report 2020-2021","bc0549e7-cc42-4392-8a67-d254916b6249","publication","not_planned",1
"Wed Jun  9 17:57:17 2021","lac-bac","2019-2022 Three-year plan: Mid-Year Report 2020-2021","bc0549e7-cc42-4392-8a67-d254916b6249","publication","not_planned",1
"Wed Jun  9 18:47:58 2021","statcan","Contribution of intellectual property to business performance","a0c2a75b-40ba-446e-bbcb-31d829d008b6","primary","as_needed",1
"Wed Jun  9 19:43:01 2021","statcan","Measures taken to overcome skill shortages, by industry and enterprise size","16351a00-3f5c-43c0-b6a4-1a0b066abb5f","primary","as_needed",1
"Wed Jun  9 20:31:49 2021","statcan","Measures taken to overcome skill shortages, by industry and enterprise size","16351a00-3f5c-43c0-b6a4-1a0b066abb5f","primary","as_needed",1
"Wed Jun  9 21:27:48 2021","statcan","Measures taken to overcome skill shortages, by industry and enterprise size","16351a00-3f5c-43c0-b6a4-1a0b066abb5f","primary","as_needed",1
"Wed Jun  9 22:25:49 2021","statcan","Measures taken to overcome skill shortages, by industry and enterprise size","16351a00-3f5c-43c0-b6a4-1a0b066abb5f","primary","as_needed",1
"Wed Jun  9 23:29:55 2021","statcan","Measures taken to overcome skill shortages, by industry and enterprise size","16351a00-3f5c-43c0-b6a4-1a0b066abb5f","primary","as_needed",1
"Thu Jun 10 00:56:19 2021","statcan","Measures taken to overcome skill shortages, by industry and enterprise size","16351a00-3f5c-43c0-b6a4-1a0b066abb5f","primary","as_needed",1
"Thu Jun 10 02:29:11 2021","statcan","Measures taken to overcome skill shortages, by industry and enterprise size","16351a00-3f5c-43c0-b6a4-1a0b066abb5f","primary","as_needed",1
"Thu Jun 10 03:47:32 2021","statcan","Measures taken to overcome skill shortages, by industry and enterprise size","16351a00-3f5c-43c0-b6a4-1a0b066abb5f","primary","as_needed",1
"Thu Jun 10 04:46:29 2021","statcan","Measures taken to overcome skill shortages, by industry and enterprise size","16351a00-3f5c-43c0-b6a4-1a0b066abb5f","primary","as_needed",1
"Thu Jun 10 05:46:39 2021","statcan","Measures taken to overcome skill shortages, by industry and enterprise size","16351a00-3f5c-43c0-b6a4-1a0b066abb5f","primary","as_needed",1
"Thu Jun 10 06:34:42 2021","statcan","Measures taken to overcome skill shortages, by industry and enterprise size","16351a00-3f5c-43c0-b6a4-1a0b066abb5f","primary","as_needed",1
"Thu Jun 10 07:40:58 2021","statcan","Measures taken to overcome skill shortages, by industry and enterprise size","16351a00-3f5c-43c0-b6a4-1a0b066abb5f","primary","as_needed",1
"Thu Jun 10 08:32:57 2021","statcan","Measures taken to overcome skill shortages, by industry and enterprise size","16351a00-3f5c-43c0-b6a4-1a0b066abb5f","primary","as_needed",1
"Thu Jun 10 09:29:44 2021","statcan","Measures taken to overcome skill shortages, by industry and enterprise size","16351a00-3f5c-43c0-b6a4-1a0b066abb5f","primary","as_needed",1
"Thu Jun 10 10:32:07 2021","statcan","Measures taken to overcome skill shortages, by industry and enterprise size","16351a00-3f5c-43c0-b6a4-1a0b066abb5f","primary","as_needed",1
"Thu Jun 10 11:25:32 2021","statcan","Measures taken to overcome skill shortages, by industry and enterprise size","16351a00-3f5c-43c0-b6a4-1a0b066abb5f","primary","as_needed",1
"Thu Jun 10 13:01:56 2021","statcan","Measures taken to overcome skill shortages, by industry and enterprise size","16351a00-3f5c-43c0-b6a4-1a0b066abb5f","primary","as_needed",1
"Thu Jun 10 13:47:50 2021","statcan","Measures taken to overcome skill shortages, by industry and enterprise size","16351a00-3f5c-43c0-b6a4-1a0b066abb5f","primary","as_needed",1
"Thu Jun 10 14:30:46 2021","statcan","Measures taken to overcome skill shortages, by industry and enterprise size","16351a00-3f5c-43c0-b6a4-1a0b066abb5f","primary","as_needed",1
"Thu Jun 10 15:29:03 2021","ssc-spc","Shared Services Canada launches Centre of Expertise in Agile and Innovative Procurement","0b4405fa-8655-4801-972a-59c8f630659d","publication","unknown",1
"Thu Jun 10 16:44:57 2021","ssc-spc","Shared Services Canada launches Centre of Expertise in Agile and Innovative Procurement","0b4405fa-8655-4801-972a-59c8f630659d","publication","unknown",1
"Thu Jun 10 17:57:55 2021","jus","The Criminal Code of Canada ","3abb5c74-3bbf-4647-b1c1-fe8390e98223","publication","as_needed",1
"Thu Jun 10 18:49:56 2021","jus","The Criminal Code of Canada ","3abb5c74-3bbf-4647-b1c1-fe8390e98223","publication","as_needed",1
"Thu Jun 10 19:42:40 2021","cfia-acia","Pesticides and Metals in Grain Products and Ready-to-Eat Meals - April 1, 2016 to March 31, 2017","21429139-d023-4090-bd5e-50384cda44c8","primary","not_planned",1
"Thu Jun 10 20:26:52 2021","cfia-acia","Pesticides and Metals in Grain Products and Ready-to-Eat Meals - April 1, 2016 to March 31, 2017","21429139-d023-4090-bd5e-50384cda44c8","primary","not_planned",1
"Thu Jun 10 21:33:06 2021","cfia-acia","Pesticides and Metals in Grain Products and Ready-to-Eat Meals - April 1, 2016 to March 31, 2017","21429139-d023-4090-bd5e-50384cda44c8","primary","not_planned",1
"Thu Jun 10 22:29:10 2021","cfia-acia","Pesticides and Metals in Grain Products and Ready-to-Eat Meals - April 1, 2016 to March 31, 2017","21429139-d023-4090-bd5e-50384cda44c8","primary","not_planned",1
"Thu Jun 10 23:33:07 2021","cfia-acia","Pesticides and Metals in Grain Products and Ready-to-Eat Meals - April 1, 2016 to March 31, 2017","21429139-d023-4090-bd5e-50384cda44c8","primary","not_planned",1
"Fri Jun 11 00:48:52 2021","cfia-acia","Pesticides and Metals in Grain Products and Ready-to-Eat Meals - April 1, 2016 to March 31, 2017","21429139-d023-4090-bd5e-50384cda44c8","primary","not_planned",1
"Fri Jun 11 02:19:43 2021","cfia-acia","Pesticides and Metals in Grain Products and Ready-to-Eat Meals - April 1, 2016 to March 31, 2017","21429139-d023-4090-bd5e-50384cda44c8","primary","not_planned",1
"Fri Jun 11 03:35:25 2021","cfia-acia","Pesticides and Metals in Grain Products and Ready-to-Eat Meals - April 1, 2016 to March 31, 2017","21429139-d023-4090-bd5e-50384cda44c8","primary","not_planned",1
"Fri Jun 11 04:33:09 2021","cfia-acia","Pesticides and Metals in Grain Products and Ready-to-Eat Meals - April 1, 2016 to March 31, 2017","21429139-d023-4090-bd5e-50384cda44c8","primary","not_planned",1
"Fri Jun 11 05:36:04 2021","cfia-acia","Pesticides and Metals in Grain Products and Ready-to-Eat Meals - April 1, 2016 to March 31, 2017","21429139-d023-4090-bd5e-50384cda44c8","primary","not_planned",1
"Fri Jun 11 06:32:40 2021","cfia-acia","Pesticides and Metals in Grain Products and Ready-to-Eat Meals - April 1, 2016 to March 31, 2017","21429139-d023-4090-bd5e-50384cda44c8","primary","not_planned",1
"Fri Jun 11 07:34:47 2021","cfia-acia","Pesticides and Metals in Grain Products and Ready-to-Eat Meals - April 1, 2016 to March 31, 2017","21429139-d023-4090-bd5e-50384cda44c8","primary","not_planned",1
"Fri Jun 11 08:29:40 2021","cfia-acia","Pesticides and Metals in Grain Products and Ready-to-Eat Meals - April 1, 2016 to March 31, 2017","21429139-d023-4090-bd5e-50384cda44c8","primary","not_planned",1
"Fri Jun 11 09:28:28 2021","cfia-acia","Pesticides and Metals in Grain Products and Ready-to-Eat Meals - April 1, 2016 to March 31, 2017","21429139-d023-4090-bd5e-50384cda44c8","primary","not_planned",1
"Fri Jun 11 10:31:12 2021","cfia-acia","Pesticides and Metals in Grain Products and Ready-to-Eat Meals - April 1, 2016 to March 31, 2017","21429139-d023-4090-bd5e-50384cda44c8","primary","not_planned",1
"Fri Jun 11 11:29:18 2021","cfia-acia","Pesticides and Metals in Grain Products and Ready-to-Eat Meals - April 1, 2016 to March 31, 2017","21429139-d023-4090-bd5e-50384cda44c8","primary","not_planned",1
"Fri Jun 11 12:34:35 2021","cfia-acia","Pesticides and Metals in Grain Products and Ready-to-Eat Meals - April 1, 2016 to March 31, 2017","21429139-d023-4090-bd5e-50384cda44c8","primary","not_planned",1
"Fri Jun 11 13:38:53 2021","cfia-acia","Pesticides and Metals in Grain Products and Ready-to-Eat Meals - April 1, 2016 to March 31, 2017","21429139-d023-4090-bd5e-50384cda44c8","primary","not_planned",1
"Fri Jun 11 14:26:10 2021","cfia-acia","Pesticides and Metals in Grain Products and Ready-to-Eat Meals - April 1, 2016 to March 31, 2017","21429139-d023-4090-bd5e-50384cda44c8","primary","not_planned",1
"Fri Jun 11 15:30:18 2021","cfia-acia","Pesticides and Metals in Grain Products and Ready-to-Eat Meals - April 1, 2016 to March 31, 2017","21429139-d023-4090-bd5e-50384cda44c8","primary","not_planned",1
"Fri Jun 11 16:35:53 2021","cfia-acia","Pesticides and Metals in Grain Products and Ready-to-Eat Meals - April 1, 2016 to March 31, 2017","21429139-d023-4090-bd5e-50384cda44c8","primary","not_planned",1
"Fri Jun 11 17:43:43 2021","cfia-acia","Pesticides and Metals in Grain Products and Ready-to-Eat Meals - April 1, 2016 to March 31, 2017","21429139-d023-4090-bd5e-50384cda44c8","primary","not_planned",1
"Fri Jun 11 18:35:29 2021","cfia-acia","Pesticides and Metals in Grain Products and Ready-to-Eat Meals - April 1, 2016 to March 31, 2017","21429139-d023-4090-bd5e-50384cda44c8","primary","not_planned",1
"Fri Jun 11 19:29:26 2021","iaac-aeic","Minister's Advisory Council on Impact Assessment - First Report (June 2021)","8f706740-c294-4976-8567-97bf6b60af74","parliament_report","not_planned",1
"Fri Jun 11 20:28:45 2021","dfo-mpo","Northern bottlenose whale important habitat in inter-canyon areas on the eastern Scotian Shelf","9fd7d004-970c-11eb-a2f3-1860247f53e3","fgp","not_planned",1
"Fri Jun 11 21:25:26 2021","dfo-mpo","Northern bottlenose whale important habitat in inter-canyon areas on the eastern Scotian Shelf","9fd7d004-970c-11eb-a2f3-1860247f53e3","fgp","not_planned",1
"Fri Jun 11 22:28:34 2021","dfo-mpo","Northern bottlenose whale important habitat in inter-canyon areas on the eastern Scotian Shelf","9fd7d004-970c-11eb-a2f3-1860247f53e3","fgp","not_planned",1
"Fri Jun 11 23:29:15 2021","dfo-mpo","Northern bottlenose whale important habitat in inter-canyon areas on the eastern Scotian Shelf","9fd7d004-970c-11eb-a2f3-1860247f53e3","fgp","not_planned",1
"Sat Jun 12 00:50:26 2021","dfo-mpo","Northern bottlenose whale important habitat in inter-canyon areas on the eastern Scotian Shelf","9fd7d004-970c-11eb-a2f3-1860247f53e3","fgp","not_planned",1
"Sat Jun 12 02:14:29 2021","dfo-mpo","Northern bottlenose whale important habitat in inter-canyon areas on the eastern Scotian Shelf","9fd7d004-970c-11eb-a2f3-1860247f53e3","fgp","not_planned",1
"Sat Jun 12 02:46:07 2021","dfo-mpo","Northern bottlenose whale important habitat in inter-canyon areas on the eastern Scotian Shelf","9fd7d004-970c-11eb-a2f3-1860247f53e3","fgp","not_planned",1
"Sat Jun 12 03:31:31 2021","dfo-mpo","Northern bottlenose whale important habitat in inter-canyon areas on the eastern Scotian Shelf","9fd7d004-970c-11eb-a2f3-1860247f53e3","fgp","not_planned",1
"Sat Jun 12 04:29:24 2021","dfo-mpo","Northern bottlenose whale important habitat in inter-canyon areas on the eastern Scotian Shelf","9fd7d004-970c-11eb-a2f3-1860247f53e3","fgp","not_planned",1
"Sat Jun 12 05:35:00 2021","dfo-mpo","Northern bottlenose whale important habitat in inter-canyon areas on the eastern Scotian Shelf","9fd7d004-970c-11eb-a2f3-1860247f53e3","fgp","not_planned",1
"Sat Jun 12 06:34:31 2021","dfo-mpo","Northern bottlenose whale important habitat in inter-canyon areas on the eastern Scotian Shelf","9fd7d004-970c-11eb-a2f3-1860247f53e3","fgp","not_planned",1
"Sat Jun 12 07:27:08 2021","dfo-mpo","Northern bottlenose whale important habitat in inter-canyon areas on the eastern Scotian Shelf","9fd7d004-970c-11eb-a2f3-1860247f53e3","fgp","not_planned",1
"Sat Jun 12 08:29:46 2021","dfo-mpo","Northern bottlenose whale important habitat in inter-canyon areas on the eastern Scotian Shelf","9fd7d004-970c-11eb-a2f3-1860247f53e3","fgp","not_planned",1
"Sat Jun 12 09:32:55 2021","dfo-mpo","Northern bottlenose whale important habitat in inter-canyon areas on the eastern Scotian Shelf","9fd7d004-970c-11eb-a2f3-1860247f53e3","fgp","not_planned",1
"Sat Jun 12 10:26:44 2021","dfo-mpo","Northern bottlenose whale important habitat in inter-canyon areas on the eastern Scotian Shelf","9fd7d004-970c-11eb-a2f3-1860247f53e3","fgp","not_planned",1
"Sat Jun 12 11:26:58 2021","dfo-mpo","Northern bottlenose whale important habitat in inter-canyon areas on the eastern Scotian Shelf","9fd7d004-970c-11eb-a2f3-1860247f53e3","fgp","not_planned",1
"Sat Jun 12 12:32:55 2021","dfo-mpo","Northern bottlenose whale important habitat in inter-canyon areas on the eastern Scotian Shelf","9fd7d004-970c-11eb-a2f3-1860247f53e3","fgp","not_planned",1
"Sat Jun 12 13:39:42 2021","dfo-mpo","Northern bottlenose whale important habitat in inter-canyon areas on the eastern Scotian Shelf","9fd7d004-970c-11eb-a2f3-1860247f53e3","fgp","not_planned",1
"Sat Jun 12 14:28:27 2021","dfo-mpo","Northern bottlenose whale important habitat in inter-canyon areas on the eastern Scotian Shelf","9fd7d004-970c-11eb-a2f3-1860247f53e3","fgp","not_planned",1
"Sat Jun 12 15:28:20 2021","dfo-mpo","Northern bottlenose whale important habitat in inter-canyon areas on the eastern Scotian Shelf","9fd7d004-970c-11eb-a2f3-1860247f53e3","fgp","not_planned",1
"Sat Jun 12 16:34:34 2021","dfo-mpo","Northern bottlenose whale important habitat in inter-canyon areas on the eastern Scotian Shelf","9fd7d004-970c-11eb-a2f3-1860247f53e3","fgp","not_planned",1
"Sat Jun 12 17:46:17 2021","dfo-mpo","Northern bottlenose whale important habitat in inter-canyon areas on the eastern Scotian Shelf","9fd7d004-970c-11eb-a2f3-1860247f53e3","fgp","not_planned",1
"Sat Jun 12 18:32:09 2021","dfo-mpo","Northern bottlenose whale important habitat in inter-canyon areas on the eastern Scotian Shelf","9fd7d004-970c-11eb-a2f3-1860247f53e3","fgp","not_planned",1
"Sat Jun 12 19:29:20 2021","dfo-mpo","Northern bottlenose whale important habitat in inter-canyon areas on the eastern Scotian Shelf","9fd7d004-970c-11eb-a2f3-1860247f53e3","fgp","not_planned",1
"Sat Jun 12 20:28:39 2021","dfo-mpo","Northern bottlenose whale important habitat in inter-canyon areas on the eastern Scotian Shelf","9fd7d004-970c-11eb-a2f3-1860247f53e3","fgp","not_planned",1
"Sat Jun 12 21:28:19 2021","dfo-mpo","Northern bottlenose whale important habitat in inter-canyon areas on the eastern Scotian Shelf","9fd7d004-970c-11eb-a2f3-1860247f53e3","fgp","not_planned",1
"Sat Jun 12 22:25:56 2021","dfo-mpo","Northern bottlenose whale important habitat in inter-canyon areas on the eastern Scotian Shelf","9fd7d004-970c-11eb-a2f3-1860247f53e3","fgp","not_planned",1
"Sat Jun 12 23:26:32 2021","dfo-mpo","Northern bottlenose whale important habitat in inter-canyon areas on the eastern Scotian Shelf","9fd7d004-970c-11eb-a2f3-1860247f53e3","fgp","not_planned",1
"Sun Jun 13 00:55:45 2021","dfo-mpo","Northern bottlenose whale important habitat in inter-canyon areas on the eastern Scotian Shelf","9fd7d004-970c-11eb-a2f3-1860247f53e3","fgp","not_planned",1
"Sun Jun 13 02:18:31 2021","dfo-mpo","Northern bottlenose whale important habitat in inter-canyon areas on the eastern Scotian Shelf","9fd7d004-970c-11eb-a2f3-1860247f53e3","fgp","not_planned",1
"Sun Jun 13 02:56:58 2021","dfo-mpo","Northern bottlenose whale important habitat in inter-canyon areas on the eastern Scotian Shelf","9fd7d004-970c-11eb-a2f3-1860247f53e3","fgp","not_planned",1
"Sun Jun 13 03:32:05 2021","dfo-mpo","Northern bottlenose whale important habitat in inter-canyon areas on the eastern Scotian Shelf","9fd7d004-970c-11eb-a2f3-1860247f53e3","fgp","not_planned",1
"Sun Jun 13 04:27:45 2021","dfo-mpo","Northern bottlenose whale important habitat in inter-canyon areas on the eastern Scotian Shelf","9fd7d004-970c-11eb-a2f3-1860247f53e3","fgp","not_planned",1
"Sun Jun 13 05:35:09 2021","dfo-mpo","Northern bottlenose whale important habitat in inter-canyon areas on the eastern Scotian Shelf","9fd7d004-970c-11eb-a2f3-1860247f53e3","fgp","not_planned",1
"Sun Jun 13 06:31:47 2021","dfo-mpo","Northern bottlenose whale important habitat in inter-canyon areas on the eastern Scotian Shelf","9fd7d004-970c-11eb-a2f3-1860247f53e3","fgp","not_planned",1
"Sun Jun 13 07:31:31 2021","dfo-mpo","Northern bottlenose whale important habitat in inter-canyon areas on the eastern Scotian Shelf","9fd7d004-970c-11eb-a2f3-1860247f53e3","fgp","not_planned",1
"Sun Jun 13 08:30:03 2021","dfo-mpo","Northern bottlenose whale important habitat in inter-canyon areas on the eastern Scotian Shelf","9fd7d004-970c-11eb-a2f3-1860247f53e3","fgp","not_planned",1
"Sun Jun 13 09:29:05 2021","dfo-mpo","Northern bottlenose whale important habitat in inter-canyon areas on the eastern Scotian Shelf","9fd7d004-970c-11eb-a2f3-1860247f53e3","fgp","not_planned",1
"Sun Jun 13 10:28:49 2021","dfo-mpo","Northern bottlenose whale important habitat in inter-canyon areas on the eastern Scotian Shelf","9fd7d004-970c-11eb-a2f3-1860247f53e3","fgp","not_planned",1
"Sun Jun 13 11:28:49 2021","dfo-mpo","Northern bottlenose whale important habitat in inter-canyon areas on the eastern Scotian Shelf","9fd7d004-970c-11eb-a2f3-1860247f53e3","fgp","not_planned",1
"Sun Jun 13 12:33:03 2021","dfo-mpo","Northern bottlenose whale important habitat in inter-canyon areas on the eastern Scotian Shelf","9fd7d004-970c-11eb-a2f3-1860247f53e3","fgp","not_planned",1
"Sun Jun 13 13:41:12 2021","dfo-mpo","Northern bottlenose whale important habitat in inter-canyon areas on the eastern Scotian Shelf","9fd7d004-970c-11eb-a2f3-1860247f53e3","fgp","not_planned",1
"Sun Jun 13 14:28:05 2021","dfo-mpo","Northern bottlenose whale important habitat in inter-canyon areas on the eastern Scotian Shelf","9fd7d004-970c-11eb-a2f3-1860247f53e3","fgp","not_planned",1
"Sun Jun 13 15:30:52 2021","dfo-mpo","Northern bottlenose whale important habitat in inter-canyon areas on the eastern Scotian Shelf","9fd7d004-970c-11eb-a2f3-1860247f53e3","fgp","not_planned",1
"Sun Jun 13 16:37:35 2021","dfo-mpo","Northern bottlenose whale important habitat in inter-canyon areas on the eastern Scotian Shelf","9fd7d004-970c-11eb-a2f3-1860247f53e3","fgp","not_planned",1
"Sun Jun 13 17:43:07 2021","dfo-mpo","Northern bottlenose whale important habitat in inter-canyon areas on the eastern Scotian Shelf","9fd7d004-970c-11eb-a2f3-1860247f53e3","fgp","not_planned",1
"Sun Jun 13 18:32:30 2021","dfo-mpo","Northern bottlenose whale important habitat in inter-canyon areas on the eastern Scotian Shelf","9fd7d004-970c-11eb-a2f3-1860247f53e3","fgp","not_planned",1
"Sun Jun 13 19:30:39 2021","dfo-mpo","Northern bottlenose whale important habitat in inter-canyon areas on the eastern Scotian Shelf","9fd7d004-970c-11eb-a2f3-1860247f53e3","fgp","not_planned",1
"Sun Jun 13 20:26:04 2021","dfo-mpo","Northern bottlenose whale important habitat in inter-canyon areas on the eastern Scotian Shelf","9fd7d004-970c-11eb-a2f3-1860247f53e3","fgp","not_planned",1
"Sun Jun 13 21:25:42 2021","dfo-mpo","Northern bottlenose whale important habitat in inter-canyon areas on the eastern Scotian Shelf","9fd7d004-970c-11eb-a2f3-1860247f53e3","fgp","not_planned",1
"Sun Jun 13 22:28:52 2021","dfo-mpo","Northern bottlenose whale important habitat in inter-canyon areas on the eastern Scotian Shelf","9fd7d004-970c-11eb-a2f3-1860247f53e3","fgp","not_planned",1
"Sun Jun 13 23:32:52 2021","dfo-mpo","Northern bottlenose whale important habitat in inter-canyon areas on the eastern Scotian Shelf","9fd7d004-970c-11eb-a2f3-1860247f53e3","fgp","not_planned",1
"Mon Jun 14 00:48:42 2021","dfo-mpo","Northern bottlenose whale important habitat in inter-canyon areas on the eastern Scotian Shelf","9fd7d004-970c-11eb-a2f3-1860247f53e3","fgp","not_planned",1
"Mon Jun 14 02:18:39 2021","dfo-mpo","Northern bottlenose whale important habitat in inter-canyon areas on the eastern Scotian Shelf","9fd7d004-970c-11eb-a2f3-1860247f53e3","fgp","not_planned",1
"Mon Jun 14 02:58:44 2021","dfo-mpo","Northern bottlenose whale important habitat in inter-canyon areas on the eastern Scotian Shelf","9fd7d004-970c-11eb-a2f3-1860247f53e3","fgp","not_planned",1
"Mon Jun 14 03:29:14 2021","dfo-mpo","Northern bottlenose whale important habitat in inter-canyon areas on the eastern Scotian Shelf","9fd7d004-970c-11eb-a2f3-1860247f53e3","fgp","not_planned",1
"Mon Jun 14 04:32:22 2021","dfo-mpo","Northern bottlenose whale important habitat in inter-canyon areas on the eastern Scotian Shelf","9fd7d004-970c-11eb-a2f3-1860247f53e3","fgp","not_planned",1
"Mon Jun 14 05:35:04 2021","dfo-mpo","Northern bottlenose whale important habitat in inter-canyon areas on the eastern Scotian Shelf","9fd7d004-970c-11eb-a2f3-1860247f53e3","fgp","not_planned",1
"Mon Jun 14 06:29:33 2021","dfo-mpo","Northern bottlenose whale important habitat in inter-canyon areas on the eastern Scotian Shelf","9fd7d004-970c-11eb-a2f3-1860247f53e3","fgp","not_planned",1
"Mon Jun 14 07:33:41 2021","dfo-mpo","Northern bottlenose whale important habitat in inter-canyon areas on the eastern Scotian Shelf","9fd7d004-970c-11eb-a2f3-1860247f53e3","fgp","not_planned",1
"Mon Jun 14 08:27:28 2021","dfo-mpo","Northern bottlenose whale important habitat in inter-canyon areas on the eastern Scotian Shelf","9fd7d004-970c-11eb-a2f3-1860247f53e3","fgp","not_planned",1
"Mon Jun 14 09:30:00 2021","dfo-mpo","Northern bottlenose whale important habitat in inter-canyon areas on the eastern Scotian Shelf","9fd7d004-970c-11eb-a2f3-1860247f53e3","fgp","not_planned",1
"Mon Jun 14 10:31:08 2021","dfo-mpo","Northern bottlenose whale important habitat in inter-canyon areas on the eastern Scotian Shelf","9fd7d004-970c-11eb-a2f3-1860247f53e3","fgp","not_planned",1
"Mon Jun 14 11:26:40 2021","dfo-mpo","Northern bottlenose whale important habitat in inter-canyon areas on the eastern Scotian Shelf","9fd7d004-970c-11eb-a2f3-1860247f53e3","fgp","not_planned",1
"Mon Jun 14 12:33:44 2021","dfo-mpo","Northern bottlenose whale important habitat in inter-canyon areas on the eastern Scotian Shelf","9fd7d004-970c-11eb-a2f3-1860247f53e3","fgp","not_planned",1
"Mon Jun 14 13:38:20 2021","dfo-mpo","Northern bottlenose whale important habitat in inter-canyon areas on the eastern Scotian Shelf","9fd7d004-970c-11eb-a2f3-1860247f53e3","fgp","not_planned",1
"Mon Jun 14 14:26:34 2021","dfo-mpo","Northern bottlenose whale important habitat in inter-canyon areas on the eastern Scotian Shelf","9fd7d004-970c-11eb-a2f3-1860247f53e3","fgp","not_planned",1
"Mon Jun 14 15:28:25 2021","dfo-mpo","Northern bottlenose whale important habitat in inter-canyon areas on the eastern Scotian Shelf","9fd7d004-970c-11eb-a2f3-1860247f53e3","fgp","not_planned",1
"Mon Jun 14 16:43:02 2021","dfo-mpo","Northern bottlenose whale important habitat in inter-canyon areas on the eastern Scotian Shelf","9fd7d004-970c-11eb-a2f3-1860247f53e3","fgp","not_planned",1
"Mon Jun 14 17:47:42 2021","dfo-mpo","Northern bottlenose whale important habitat in inter-canyon areas on the eastern Scotian Shelf","9fd7d004-970c-11eb-a2f3-1860247f53e3","fgp","not_planned",1
"Mon Jun 14 18:28:30 2021","jus","JustFacts: Recidivism in the Criminal Justice System (2020)","f9a92f15-8405-4dcc-8ca0-a86bb7450033","publication","as_needed",1
"Mon Jun 14 19:29:32 2021","ppsc-sppc","Internal Audit and Evaluation Reports","d2ae0b87-d1be-4864-94a7-9667748f7d0c","publication","as_needed",1
"Mon Jun 14 20:29:19 2021","ppsc-sppc","Internal Audit and Evaluation Reports","d2ae0b87-d1be-4864-94a7-9667748f7d0c","publication","as_needed",1
"Mon Jun 14 21:29:03 2021","ppsc-sppc","Internal Audit and Evaluation Reports","d2ae0b87-d1be-4864-94a7-9667748f7d0c","publication","as_needed",1
"Mon Jun 14 22:30:18 2021","ppsc-sppc","Internal Audit and Evaluation Reports","d2ae0b87-d1be-4864-94a7-9667748f7d0c","publication","as_needed",1
"Mon Jun 14 23:26:30 2021","ppsc-sppc","Internal Audit and Evaluation Reports","d2ae0b87-d1be-4864-94a7-9667748f7d0c","publication","as_needed",1
"Tue Jun 15 00:50:05 2021","ppsc-sppc","Internal Audit and Evaluation Reports","d2ae0b87-d1be-4864-94a7-9667748f7d0c","publication","as_needed",1
"Tue Jun 15 02:20:50 2021","ppsc-sppc","Internal Audit and Evaluation Reports","d2ae0b87-d1be-4864-94a7-9667748f7d0c","publication","as_needed",1
"Tue Jun 15 03:35:07 2021","ppsc-sppc","Internal Audit and Evaluation Reports","d2ae0b87-d1be-4864-94a7-9667748f7d0c","publication","as_needed",1
"Tue Jun 15 04:31:45 2021","ppsc-sppc","Internal Audit and Evaluation Reports","d2ae0b87-d1be-4864-94a7-9667748f7d0c","publication","as_needed",1
"Tue Jun 15 05:30:32 2021","ppsc-sppc","Internal Audit and Evaluation Reports","d2ae0b87-d1be-4864-94a7-9667748f7d0c","publication","as_needed",1
"Tue Jun 15 06:30:42 2021","ppsc-sppc","Internal Audit and Evaluation Reports","d2ae0b87-d1be-4864-94a7-9667748f7d0c","publication","as_needed",1
"Tue Jun 15 07:34:23 2021","ppsc-sppc","Internal Audit and Evaluation Reports","d2ae0b87-d1be-4864-94a7-9667748f7d0c","publication","as_needed",1
"Tue Jun 15 08:28:02 2021","ppsc-sppc","Internal Audit and Evaluation Reports","d2ae0b87-d1be-4864-94a7-9667748f7d0c","publication","as_needed",1
"Tue Jun 15 09:27:56 2021","ppsc-sppc","Internal Audit and Evaluation Reports","d2ae0b87-d1be-4864-94a7-9667748f7d0c","publication","as_needed",1
"Tue Jun 15 10:32:45 2021","ppsc-sppc","Internal Audit and Evaluation Reports","d2ae0b87-d1be-4864-94a7-9667748f7d0c","publication","as_needed",1
"Tue Jun 15 11:27:12 2021","ppsc-sppc","Internal Audit and Evaluation Reports","d2ae0b87-d1be-4864-94a7-9667748f7d0c","publication","as_needed",1
"Tue Jun 15 12:36:15 2021","ppsc-sppc","Internal Audit and Evaluation Reports","d2ae0b87-d1be-4864-94a7-9667748f7d0c","publication","as_needed",1
"Tue Jun 15 13:39:06 2021","statcan","Average daily fee per child by child care business type and age group, January 2020 and January 2021","ddc0a23d-17b3-4cad-afc1-1d7e64632171","primary","as_needed",1
"Tue Jun 15 14:29:04 2021","statcan","Average daily fee per child by child care business type and age group, January 2020 and January 2021","ddc0a23d-17b3-4cad-afc1-1d7e64632171","primary","as_needed",1
"Tue Jun 15 15:28:57 2021","statcan","Average daily fee per child by child care business type and age group, January 2020 and January 2021","ddc0a23d-17b3-4cad-afc1-1d7e64632171","primary","as_needed",1
"Tue Jun 15 16:41:08 2021","pc","Human-wildlife coexistence incidents in selected national parks from 2010 to 2020","cc5ea139-c628-46dc-ac55-a5b3351b7fdf","primary","P1Y",1
"Tue Jun 15 17:47:51 2021","pc","Human-wildlife coexistence incidents in selected national parks from 2010 to 2020","cc5ea139-c628-46dc-ac55-a5b3351b7fdf","primary","P1Y",1
"Tue Jun 15 18:31:38 2021","pc","Human-wildlife coexistence incidents in selected national parks from 2010 to 2020","cc5ea139-c628-46dc-ac55-a5b3351b7fdf","primary","P1Y",1
"Tue Jun 15 19:27:39 2021","pc","Human-wildlife coexistence incidents in selected national parks from 2010 to 2020","cc5ea139-c628-46dc-ac55-a5b3351b7fdf","primary","P1Y",1
"Tue Jun 15 20:30:01 2021","pc","Human-wildlife coexistence incidents in selected national parks from 2010 to 2020","cc5ea139-c628-46dc-ac55-a5b3351b7fdf","primary","P1Y",1
"Tue Jun 15 21:25:57 2021","pc","Human-wildlife coexistence incidents in selected national parks from 2010 to 2020","cc5ea139-c628-46dc-ac55-a5b3351b7fdf","primary","P1Y",1
"Tue Jun 15 22:29:30 2021","pc","Human-wildlife coexistence incidents in selected national parks from 2010 to 2020","cc5ea139-c628-46dc-ac55-a5b3351b7fdf","primary","P1Y",1
"Tue Jun 15 23:30:20 2021","pc","Human-wildlife coexistence incidents in selected national parks from 2010 to 2020","cc5ea139-c628-46dc-ac55-a5b3351b7fdf","primary","P1Y",1
"Wed Jun 16 00:55:08 2021","pc","Human-wildlife coexistence incidents in selected national parks from 2010 to 2020","cc5ea139-c628-46dc-ac55-a5b3351b7fdf","primary","P1Y",1
"Wed Jun 16 02:21:43 2021","pc","Human-wildlife coexistence incidents in selected national parks from 2010 to 2020","cc5ea139-c628-46dc-ac55-a5b3351b7fdf","primary","P1Y",1
"Wed Jun 16 03:00:55 2021","pc","Human-wildlife coexistence incidents in selected national parks from 2010 to 2020","cc5ea139-c628-46dc-ac55-a5b3351b7fdf","primary","P1Y",1
"Wed Jun 16 03:31:56 2021","pc","Human-wildlife coexistence incidents in selected national parks from 2010 to 2020","cc5ea139-c628-46dc-ac55-a5b3351b7fdf","primary","P1Y",1
"Wed Jun 16 04:31:21 2021","pc","Human-wildlife coexistence incidents in selected national parks from 2010 to 2020","cc5ea139-c628-46dc-ac55-a5b3351b7fdf","primary","P1Y",1
"Wed Jun 16 05:32:00 2021","pc","Human-wildlife coexistence incidents in selected national parks from 2010 to 2020","cc5ea139-c628-46dc-ac55-a5b3351b7fdf","primary","P1Y",1
"Wed Jun 16 06:29:23 2021","pc","Human-wildlife coexistence incidents in selected national parks from 2010 to 2020","cc5ea139-c628-46dc-ac55-a5b3351b7fdf","primary","P1Y",1
"Wed Jun 16 07:32:43 2021","pc","Human-wildlife coexistence incidents in selected national parks from 2010 to 2020","cc5ea139-c628-46dc-ac55-a5b3351b7fdf","primary","P1Y",1
"Wed Jun 16 08:32:32 2021","pc","Human-wildlife coexistence incidents in selected national parks from 2010 to 2020","cc5ea139-c628-46dc-ac55-a5b3351b7fdf","primary","P1Y",1
"Wed Jun 16 09:29:32 2021","pc","Human-wildlife coexistence incidents in selected national parks from 2010 to 2020","cc5ea139-c628-46dc-ac55-a5b3351b7fdf","primary","P1Y",1
"Wed Jun 16 10:28:41 2021","pc","Human-wildlife coexistence incidents in selected national parks from 2010 to 2020","cc5ea139-c628-46dc-ac55-a5b3351b7fdf","primary","P1Y",1
"Wed Jun 16 11:25:39 2021","pc","Human-wildlife coexistence incidents in selected national parks from 2010 to 2020","cc5ea139-c628-46dc-ac55-a5b3351b7fdf","primary","P1Y",1
"Wed Jun 16 12:35:23 2021","pc","Human-wildlife coexistence incidents in selected national parks from 2010 to 2020","cc5ea139-c628-46dc-ac55-a5b3351b7fdf","primary","P1Y",1
"Wed Jun 16 13:42:18 2021","statcan","Key indicators for preliminary quarterly data, adult criminal court and youth court","73f31c51-739c-4a04-80c8-a1a286dd04f3","primary","P1Y",1
"Wed Jun 16 14:25:33 2021","statcan","Key indicators for preliminary quarterly data, adult criminal court and youth court","73f31c51-739c-4a04-80c8-a1a286dd04f3","primary","P1Y",1
"Wed Jun 16 15:33:06 2021","statcan","Key indicators for preliminary quarterly data, adult criminal court and youth court","73f31c51-739c-4a04-80c8-a1a286dd04f3","primary","P1Y",1
"Wed Jun 16 16:35:47 2021","statcan","Key indicators for preliminary quarterly data, adult criminal court and youth court","73f31c51-739c-4a04-80c8-a1a286dd04f3","primary","P1Y",1
"Wed Jun 16 17:45:31 2021","statcan","Key indicators for preliminary quarterly data, adult criminal court and youth court","73f31c51-739c-4a04-80c8-a1a286dd04f3","primary","P1Y",1
"Wed Jun 16 18:31:09 2021","statcan","Key indicators for preliminary quarterly data, adult criminal court and youth court","73f31c51-739c-4a04-80c8-a1a286dd04f3","primary","P1Y",1
"Wed Jun 16 19:29:44 2021","statcan","Key indicators for preliminary quarterly data, adult criminal court and youth court","73f31c51-739c-4a04-80c8-a1a286dd04f3","primary","P1Y",1
"Wed Jun 16 20:26:47 2021","statcan","Key indicators for preliminary quarterly data, adult criminal court and youth court","73f31c51-739c-4a04-80c8-a1a286dd04f3","primary","P1Y",1
"Wed Jun 16 21:27:40 2021","statcan","Key indicators for preliminary quarterly data, adult criminal court and youth court","73f31c51-739c-4a04-80c8-a1a286dd04f3","primary","P1Y",1
"Wed Jun 16 22:30:36 2021","statcan","Key indicators for preliminary quarterly data, adult criminal court and youth court","73f31c51-739c-4a04-80c8-a1a286dd04f3","primary","P1Y",1
"Wed Jun 16 23:27:33 2021","statcan","Key indicators for preliminary quarterly data, adult criminal court and youth court","73f31c51-739c-4a04-80c8-a1a286dd04f3","primary","P1Y",1
"Thu Jun 17 00:51:36 2021","statcan","Key indicators for preliminary quarterly data, adult criminal court and youth court","73f31c51-739c-4a04-80c8-a1a286dd04f3","primary","P1Y",1
"Thu Jun 17 02:14:31 2021","statcan","Key indicators for preliminary quarterly data, adult criminal court and youth court","73f31c51-739c-4a04-80c8-a1a286dd04f3","primary","P1Y",1
"Thu Jun 17 02:51:52 2021","statcan","Key indicators for preliminary quarterly data, adult criminal court and youth court","73f31c51-739c-4a04-80c8-a1a286dd04f3","primary","P1Y",1
"Thu Jun 17 03:35:33 2021","statcan","Key indicators for preliminary quarterly data, adult criminal court and youth court","73f31c51-739c-4a04-80c8-a1a286dd04f3","primary","P1Y",1
"Thu Jun 17 04:31:38 2021","statcan","Key indicators for preliminary quarterly data, adult criminal court and youth court","73f31c51-739c-4a04-80c8-a1a286dd04f3","primary","P1Y",1
"Thu Jun 17 05:33:38 2021","statcan","Key indicators for preliminary quarterly data, adult criminal court and youth court","73f31c51-739c-4a04-80c8-a1a286dd04f3","primary","P1Y",1
"Thu Jun 17 06:29:39 2021","statcan","Key indicators for preliminary quarterly data, adult criminal court and youth court","73f31c51-739c-4a04-80c8-a1a286dd04f3","primary","P1Y",1
"Thu Jun 17 07:31:51 2021","statcan","Key indicators for preliminary quarterly data, adult criminal court and youth court","73f31c51-739c-4a04-80c8-a1a286dd04f3","primary","P1Y",1
"Thu Jun 17 08:28:27 2021","statcan","Key indicators for preliminary quarterly data, adult criminal court and youth court","73f31c51-739c-4a04-80c8-a1a286dd04f3","primary","P1Y",1
"Thu Jun 17 09:30:59 2021","statcan","Key indicators for preliminary quarterly data, adult criminal court and youth court","73f31c51-739c-4a04-80c8-a1a286dd04f3","primary","P1Y",1
"Thu Jun 17 10:31:12 2021","statcan","Key indicators for preliminary quarterly data, adult criminal court and youth court","73f31c51-739c-4a04-80c8-a1a286dd04f3","primary","P1Y",1
"Thu Jun 17 11:25:37 2021","statcan","Key indicators for preliminary quarterly data, adult criminal court and youth court","73f31c51-739c-4a04-80c8-a1a286dd04f3","primary","P1Y",1
"Thu Jun 17 12:35:33 2021","statcan","Key indicators for preliminary quarterly data, adult criminal court and youth court","73f31c51-739c-4a04-80c8-a1a286dd04f3","primary","P1Y",1
"Thu Jun 17 13:41:31 2021","statcan","Key indicators for preliminary quarterly data, adult criminal court and youth court","73f31c51-739c-4a04-80c8-a1a286dd04f3","primary","P1Y",1
"Thu Jun 17 14:29:09 2021","statcan","Key indicators for preliminary quarterly data, adult criminal court and youth court","73f31c51-739c-4a04-80c8-a1a286dd04f3","primary","P1Y",1
"Thu Jun 17 15:31:32 2021","statcan","Key indicators for preliminary quarterly data, adult criminal court and youth court","73f31c51-739c-4a04-80c8-a1a286dd04f3","primary","P1Y",1
"Thu Jun 17 16:39:08 2021","statcan","Key indicators for preliminary quarterly data, adult criminal court and youth court","73f31c51-739c-4a04-80c8-a1a286dd04f3","primary","P1Y",1
"Thu Jun 17 17:45:00 2021","statcan","Key indicators for preliminary quarterly data, adult criminal court and youth court","73f31c51-739c-4a04-80c8-a1a286dd04f3","primary","P1Y",1
"Thu Jun 17 18:30:19 2021","statcan","Key indicators for preliminary quarterly data, adult criminal court and youth court","73f31c51-739c-4a04-80c8-a1a286dd04f3","primary","P1Y",1
"Thu Jun 17 19:33:16 2021","statcan","Key indicators for preliminary quarterly data, adult criminal court and youth court","73f31c51-739c-4a04-80c8-a1a286dd04f3","primary","P1Y",1
"Thu Jun 17 20:30:51 2021","statcan","Key indicators for preliminary quarterly data, adult criminal court and youth court","73f31c51-739c-4a04-80c8-a1a286dd04f3","primary","P1Y",1
"Thu Jun 17 21:25:17 2021","statcan","Key indicators for preliminary quarterly data, adult criminal court and youth court","73f31c51-739c-4a04-80c8-a1a286dd04f3","primary","P1Y",1
"Thu Jun 17 22:28:06 2021","statcan","Key indicators for preliminary quarterly data, adult criminal court and youth court","73f31c51-739c-4a04-80c8-a1a286dd04f3","primary","P1Y",1
"Fri Jun 18 00:50:04 2021","statcan","Key indicators for preliminary quarterly data, adult criminal court and youth court","73f31c51-739c-4a04-80c8-a1a286dd04f3","primary","P1Y",1
"Fri Jun 18 02:19:41 2021","statcan","Key indicators for preliminary quarterly data, adult criminal court and youth court","73f31c51-739c-4a04-80c8-a1a286dd04f3","primary","P1Y",1
"Fri Jun 18 03:30:01 2021","statcan","Key indicators for preliminary quarterly data, adult criminal court and youth court","73f31c51-739c-4a04-80c8-a1a286dd04f3","primary","P1Y",1
"Fri Jun 18 04:31:20 2021","statcan","Key indicators for preliminary quarterly data, adult criminal court and youth court","73f31c51-739c-4a04-80c8-a1a286dd04f3","primary","P1Y",1
"Fri Jun 18 05:32:30 2021","statcan","Key indicators for preliminary quarterly data, adult criminal court and youth court","73f31c51-739c-4a04-80c8-a1a286dd04f3","primary","P1Y",1
"Fri Jun 18 06:33:45 2021","statcan","Key indicators for preliminary quarterly data, adult criminal court and youth court","73f31c51-739c-4a04-80c8-a1a286dd04f3","primary","P1Y",1
"Fri Jun 18 07:29:30 2021","statcan","Key indicators for preliminary quarterly data, adult criminal court and youth court","73f31c51-739c-4a04-80c8-a1a286dd04f3","primary","P1Y",1
"Fri Jun 18 08:28:52 2021","statcan","Key indicators for preliminary quarterly data, adult criminal court and youth court","73f31c51-739c-4a04-80c8-a1a286dd04f3","primary","P1Y",1
"Fri Jun 18 09:28:04 2021","statcan","Key indicators for preliminary quarterly data, adult criminal court and youth court","73f31c51-739c-4a04-80c8-a1a286dd04f3","primary","P1Y",1
"Fri Jun 18 10:28:00 2021","statcan","Key indicators for preliminary quarterly data, adult criminal court and youth court","73f31c51-739c-4a04-80c8-a1a286dd04f3","primary","P1Y",1
"Fri Jun 18 11:25:47 2021","statcan","Key indicators for preliminary quarterly data, adult criminal court and youth court","73f31c51-739c-4a04-80c8-a1a286dd04f3","primary","P1Y",1
"Fri Jun 18 12:31:13 2021","statcan","Key indicators for preliminary quarterly data, adult criminal court and youth court","73f31c51-739c-4a04-80c8-a1a286dd04f3","primary","P1Y",1
"Fri Jun 18 13:39:25 2021","pwgsc-tpsgc","Public Service Pay Centre update","794d237b-3299-43e1-85ab-98fdc0c6dad9","primary","P1M",1
"Fri Jun 18 14:26:17 2021","statcan","Selected credit aggregates, monthly","3111a2ee-e1eb-4ed9-ae88-8dfcfae66579","primary","P1M",1
"Fri Jun 18 15:29:00 2021","statcan","Selected credit aggregates, monthly","3111a2ee-e1eb-4ed9-ae88-8dfcfae66579","primary","P1M",1
"Fri Jun 18 18:36:54 2021","statcan","Selected credit aggregates, monthly","3111a2ee-e1eb-4ed9-ae88-8dfcfae66579","primary","P1M",1
"Fri Jun 18 19:29:34 2021","phac-aspc","COVID Alert app: Spread the word","80650ebd-26c8-4144-88c6-eb4522ac6fec","publication","unknown",1
"Fri Jun 18 20:29:59 2021","phac-aspc","COVID Alert app: Spread the word","80650ebd-26c8-4144-88c6-eb4522ac6fec","publication","unknown",1
"Fri Jun 18 21:25:48 2021","phac-aspc","COVID Alert app: Spread the word","80650ebd-26c8-4144-88c6-eb4522ac6fec","publication","unknown",1
"Fri Jun 18 22:29:18 2021","phac-aspc","COVID Alert app: Spread the word","80650ebd-26c8-4144-88c6-eb4522ac6fec","publication","unknown",1
"Fri Jun 18 23:30:03 2021","phac-aspc","COVID Alert app: Spread the word","80650ebd-26c8-4144-88c6-eb4522ac6fec","publication","unknown",1
"Sat Jun 19 00:53:41 2021","phac-aspc","COVID Alert app: Spread the word","80650ebd-26c8-4144-88c6-eb4522ac6fec","publication","unknown",1
"Sat Jun 19 02:21:23 2021","phac-aspc","COVID Alert app: Spread the word","80650ebd-26c8-4144-88c6-eb4522ac6fec","publication","unknown",1
"Sat Jun 19 03:31:52 2021","phac-aspc","COVID Alert app: Spread the word","80650ebd-26c8-4144-88c6-eb4522ac6fec","publication","unknown",1
"Sat Jun 19 04:33:03 2021","phac-aspc","COVID Alert app: Spread the word","80650ebd-26c8-4144-88c6-eb4522ac6fec","publication","unknown",1
"Sat Jun 19 05:34:36 2021","phac-aspc","COVID Alert app: Spread the word","80650ebd-26c8-4144-88c6-eb4522ac6fec","publication","unknown",1
"Sat Jun 19 06:31:49 2021","phac-aspc","COVID Alert app: Spread the word","80650ebd-26c8-4144-88c6-eb4522ac6fec","publication","unknown",1
"Sat Jun 19 07:32:41 2021","phac-aspc","COVID Alert app: Spread the word","80650ebd-26c8-4144-88c6-eb4522ac6fec","publication","unknown",1
"Sat Jun 19 08:29:57 2021","phac-aspc","COVID Alert app: Spread the word","80650ebd-26c8-4144-88c6-eb4522ac6fec","publication","unknown",1
"Sat Jun 19 09:26:16 2021","phac-aspc","COVID Alert app: Spread the word","80650ebd-26c8-4144-88c6-eb4522ac6fec","publication","unknown",1
"Sat Jun 19 10:26:55 2021","phac-aspc","COVID Alert app: Spread the word","80650ebd-26c8-4144-88c6-eb4522ac6fec","publication","unknown",1
"Sat Jun 19 11:26:26 2021","phac-aspc","COVID Alert app: Spread the word","80650ebd-26c8-4144-88c6-eb4522ac6fec","publication","unknown",1
"Sat Jun 19 12:29:26 2021","phac-aspc","COVID Alert app: Spread the word","80650ebd-26c8-4144-88c6-eb4522ac6fec","publication","unknown",1
"Sat Jun 19 13:36:59 2021","phac-aspc","COVID Alert app: Spread the word","80650ebd-26c8-4144-88c6-eb4522ac6fec","publication","unknown",1
"Sat Jun 19 14:28:58 2021","phac-aspc","COVID Alert app: Spread the word","80650ebd-26c8-4144-88c6-eb4522ac6fec","publication","unknown",1
"Sat Jun 19 15:30:43 2021","phac-aspc","COVID Alert app: Spread the word","80650ebd-26c8-4144-88c6-eb4522ac6fec","publication","unknown",1
"Sat Jun 19 16:36:02 2021","phac-aspc","COVID Alert app: Spread the word","80650ebd-26c8-4144-88c6-eb4522ac6fec","publication","unknown",1
"Sat Jun 19 17:43:48 2021","phac-aspc","COVID Alert app: Spread the word","80650ebd-26c8-4144-88c6-eb4522ac6fec","publication","unknown",1
"Sat Jun 19 18:28:39 2021","phac-aspc","COVID Alert app: Spread the word","80650ebd-26c8-4144-88c6-eb4522ac6fec","publication","unknown",1
"Sat Jun 19 19:23:08 2021","phac-aspc","COVID Alert app: Spread the word","80650ebd-26c8-4144-88c6-eb4522ac6fec","publication","unknown",1
"Sat Jun 19 20:26:36 2021","phac-aspc","COVID Alert app: Spread the word","80650ebd-26c8-4144-88c6-eb4522ac6fec","publication","unknown",1
"Sat Jun 19 21:30:27 2021","phac-aspc","COVID Alert app: Spread the word","80650ebd-26c8-4144-88c6-eb4522ac6fec","publication","unknown",1
"Sat Jun 19 22:28:22 2021","phac-aspc","COVID Alert app: Spread the word","80650ebd-26c8-4144-88c6-eb4522ac6fec","publication","unknown",1
"Sat Jun 19 23:29:24 2021","phac-aspc","COVID Alert app: Spread the word","80650ebd-26c8-4144-88c6-eb4522ac6fec","publication","unknown",1
"Sun Jun 20 00:52:10 2021","phac-aspc","COVID Alert app: Spread the word","80650ebd-26c8-4144-88c6-eb4522ac6fec","publication","unknown",1
"Sun Jun 20 02:24:16 2021","phac-aspc","COVID Alert app: Spread the word","80650ebd-26c8-4144-88c6-eb4522ac6fec","publication","unknown",1
"Sun Jun 20 03:33:18 2021","phac-aspc","COVID Alert app: Spread the word","80650ebd-26c8-4144-88c6-eb4522ac6fec","publication","unknown",1
"Sun Jun 20 04:32:38 2021","phac-aspc","COVID Alert app: Spread the word","80650ebd-26c8-4144-88c6-eb4522ac6fec","publication","unknown",1
"Sun Jun 20 05:31:31 2021","phac-aspc","COVID Alert app: Spread the word","80650ebd-26c8-4144-88c6-eb4522ac6fec","publication","unknown",1
"Sun Jun 20 06:28:15 2021","phac-aspc","COVID Alert app: Spread the word","80650ebd-26c8-4144-88c6-eb4522ac6fec","publication","unknown",1
"Sun Jun 20 07:29:56 2021","phac-aspc","COVID Alert app: Spread the word","80650ebd-26c8-4144-88c6-eb4522ac6fec","publication","unknown",1
"Sun Jun 20 08:32:17 2021","phac-aspc","COVID Alert app: Spread the word","80650ebd-26c8-4144-88c6-eb4522ac6fec","publication","unknown",1
"Sun Jun 20 09:28:18 2021","phac-aspc","COVID Alert app: Spread the word","80650ebd-26c8-4144-88c6-eb4522ac6fec","publication","unknown",1
"Sun Jun 20 10:28:34 2021","phac-aspc","COVID Alert app: Spread the word","80650ebd-26c8-4144-88c6-eb4522ac6fec","publication","unknown",1
"Sun Jun 20 11:26:01 2021","phac-aspc","COVID Alert app: Spread the word","80650ebd-26c8-4144-88c6-eb4522ac6fec","publication","unknown",1
"Sun Jun 20 12:33:06 2021","phac-aspc","COVID Alert app: Spread the word","80650ebd-26c8-4144-88c6-eb4522ac6fec","publication","unknown",1
"Sun Jun 20 13:35:35 2021","phac-aspc","COVID Alert app: Spread the word","80650ebd-26c8-4144-88c6-eb4522ac6fec","publication","unknown",1
"Sun Jun 20 14:28:30 2021","phac-aspc","COVID Alert app: Spread the word","80650ebd-26c8-4144-88c6-eb4522ac6fec","publication","unknown",1
"Sun Jun 20 15:26:51 2021","phac-aspc","COVID Alert app: Spread the word","80650ebd-26c8-4144-88c6-eb4522ac6fec","publication","unknown",1
"Sun Jun 20 16:35:08 2021","phac-aspc","COVID Alert app: Spread the word","80650ebd-26c8-4144-88c6-eb4522ac6fec","publication","unknown",1
"Sun Jun 20 17:41:54 2021","phac-aspc","COVID Alert app: Spread the word","80650ebd-26c8-4144-88c6-eb4522ac6fec","publication","unknown",1
"Sun Jun 20 18:27:19 2021","phac-aspc","COVID Alert app: Spread the word","80650ebd-26c8-4144-88c6-eb4522ac6fec","publication","unknown",1
"Sun Jun 20 19:27:16 2021","phac-aspc","COVID Alert app: Spread the word","80650ebd-26c8-4144-88c6-eb4522ac6fec","publication","unknown",1
"Sun Jun 20 20:25:36 2021","phac-aspc","COVID Alert app: Spread the word","80650ebd-26c8-4144-88c6-eb4522ac6fec","publication","unknown",1
"Sun Jun 20 21:29:57 2021","phac-aspc","COVID Alert app: Spread the word","80650ebd-26c8-4144-88c6-eb4522ac6fec","publication","unknown",1
"Sun Jun 20 22:26:02 2021","phac-aspc","COVID Alert app: Spread the word","80650ebd-26c8-4144-88c6-eb4522ac6fec","publication","unknown",1
"Sun Jun 20 23:26:38 2021","phac-aspc","COVID Alert app: Spread the word","80650ebd-26c8-4144-88c6-eb4522ac6fec","publication","unknown",1
"Mon Jun 21 00:54:13 2021","phac-aspc","COVID Alert app: Spread the word","80650ebd-26c8-4144-88c6-eb4522ac6fec","publication","unknown",1
"Mon Jun 21 02:23:17 2021","phac-aspc","COVID Alert app: Spread the word","80650ebd-26c8-4144-88c6-eb4522ac6fec","publication","unknown",1
"Mon Jun 21 03:32:29 2021","phac-aspc","COVID Alert app: Spread the word","80650ebd-26c8-4144-88c6-eb4522ac6fec","publication","unknown",1
"Mon Jun 21 04:31:59 2021","phac-aspc","COVID Alert app: Spread the word","80650ebd-26c8-4144-88c6-eb4522ac6fec","publication","unknown",1
"Mon Jun 21 05:30:09 2021","phac-aspc","COVID Alert app: Spread the word","80650ebd-26c8-4144-88c6-eb4522ac6fec","publication","unknown",1
"Mon Jun 21 06:34:13 2021","phac-aspc","COVID Alert app: Spread the word","80650ebd-26c8-4144-88c6-eb4522ac6fec","publication","unknown",1
"Mon Jun 21 07:42:35 2021","phac-aspc","COVID Alert app: Spread the word","80650ebd-26c8-4144-88c6-eb4522ac6fec","publication","unknown",1
"Mon Jun 21 08:38:14 2021","phac-aspc","COVID Alert app: Spread the word","80650ebd-26c8-4144-88c6-eb4522ac6fec","publication","unknown",1
"Mon Jun 21 09:32:57 2021","phac-aspc","COVID Alert app: Spread the word","80650ebd-26c8-4144-88c6-eb4522ac6fec","publication","unknown",1
"Mon Jun 21 10:27:37 2021","phac-aspc","COVID Alert app: Spread the word","80650ebd-26c8-4144-88c6-eb4522ac6fec","publication","unknown",1
"Mon Jun 21 11:30:02 2021","phac-aspc","COVID Alert app: Spread the word","80650ebd-26c8-4144-88c6-eb4522ac6fec","publication","unknown",1
"Mon Jun 21 12:33:25 2021","phac-aspc","COVID Alert app: Spread the word","80650ebd-26c8-4144-88c6-eb4522ac6fec","publication","unknown",1
"Mon Jun 21 13:42:16 2021","phac-aspc","Extended dose intervals for COVID-19 vaccines to optimize early vaccine rollout and population protection in Canada in the context of limited vaccine supply","ba73c165-9386-49b0-8a14-6dfbc0062af4","publication","unknown",1
"Mon Jun 21 14:26:22 2021","phac-aspc","Extended dose intervals for COVID-19 vaccines to optimize early vaccine rollout and population protection in Canada in the context of limited vaccine supply","ba73c165-9386-49b0-8a14-6dfbc0062af4","publication","unknown",1
"Mon Jun 21 15:30:00 2021","phac-aspc","Extended dose intervals for COVID-19 vaccines to optimize early vaccine rollout and population protection in Canada in the context of limited vaccine supply","ba73c165-9386-49b0-8a14-6dfbc0062af4","publication","unknown",1
"Mon Jun 21 16:36:57 2021","phac-aspc","Extended dose intervals for COVID-19 vaccines to optimize early vaccine rollout and population protection in Canada in the context of limited vaccine supply","ba73c165-9386-49b0-8a14-6dfbc0062af4","publication","unknown",1
"Mon Jun 21 17:46:15 2021","phac-aspc","Extended dose intervals for COVID-19 vaccines to optimize early vaccine rollout and population protection in Canada in the context of limited vaccine supply","ba73c165-9386-49b0-8a14-6dfbc0062af4","publication","unknown",1
"Mon Jun 21 18:27:52 2021","oag-bvg","2021 Reports of the Auditor General of Canada—Report 11—Health Resources for Indigenous Communities—Indigenous Services Canada","b527c0cb-4918-4a11-804e-11902f79d370","parliament_report","not_planned",1
"Mon Jun 21 19:27:48 2021","oag-bvg","2021 Reports of the Auditor General of Canada—Report 11—Health Resources for Indigenous Communities—Indigenous Services Canada","b527c0cb-4918-4a11-804e-11902f79d370","parliament_report","not_planned",1
"Mon Jun 21 20:24:53 2021","oag-bvg","2021 Reports of the Auditor General of Canada—Report 11—Health Resources for Indigenous Communities—Indigenous Services Canada","b527c0cb-4918-4a11-804e-11902f79d370","parliament_report","not_planned",1
"Mon Jun 21 21:30:03 2021","oag-bvg","2021 Reports of the Auditor General of Canada—Report 11—Health Resources for Indigenous Communities—Indigenous Services Canada","b527c0cb-4918-4a11-804e-11902f79d370","parliament_report","not_planned",1
"Mon Jun 21 22:30:43 2021","oag-bvg","2021 Reports of the Auditor General of Canada—Report 11—Health Resources for Indigenous Communities—Indigenous Services Canada","b527c0cb-4918-4a11-804e-11902f79d370","parliament_report","not_planned",1
"Mon Jun 21 23:29:45 2021","oag-bvg","2021 Reports of the Auditor General of Canada—Report 11—Health Resources for Indigenous Communities—Indigenous Services Canada","b527c0cb-4918-4a11-804e-11902f79d370","parliament_report","not_planned",1
"Tue Jun 22 00:53:25 2021","oag-bvg","2021 Reports of the Auditor General of Canada—Report 11—Health Resources for Indigenous Communities—Indigenous Services Canada","b527c0cb-4918-4a11-804e-11902f79d370","parliament_report","not_planned",1
"Tue Jun 22 02:11:59 2021","oag-bvg","2021 Reports of the Auditor General of Canada—Report 11—Health Resources for Indigenous Communities—Indigenous Services Canada","b527c0cb-4918-4a11-804e-11902f79d370","parliament_report","not_planned",1
"Tue Jun 22 02:44:58 2021","oag-bvg","2021 Reports of the Auditor General of Canada—Report 11—Health Resources for Indigenous Communities—Indigenous Services Canada","b527c0cb-4918-4a11-804e-11902f79d370","parliament_report","not_planned",1
"Tue Jun 22 03:26:09 2021","oag-bvg","2021 Reports of the Auditor General of Canada—Report 11—Health Resources for Indigenous Communities—Indigenous Services Canada","b527c0cb-4918-4a11-804e-11902f79d370","parliament_report","not_planned",1
"Tue Jun 22 04:28:55 2021","oag-bvg","2021 Reports of the Auditor General of Canada—Report 11—Health Resources for Indigenous Communities—Indigenous Services Canada","b527c0cb-4918-4a11-804e-11902f79d370","parliament_report","not_planned",1
"Tue Jun 22 05:33:51 2021","oag-bvg","2021 Reports of the Auditor General of Canada—Report 11—Health Resources for Indigenous Communities—Indigenous Services Canada","b527c0cb-4918-4a11-804e-11902f79d370","parliament_report","not_planned",1
"Tue Jun 22 06:32:00 2021","oag-bvg","2021 Reports of the Auditor General of Canada—Report 11—Health Resources for Indigenous Communities—Indigenous Services Canada","b527c0cb-4918-4a11-804e-11902f79d370","parliament_report","not_planned",1
"Tue Jun 22 07:33:18 2021","oag-bvg","2021 Reports of the Auditor General of Canada—Report 11—Health Resources for Indigenous Communities—Indigenous Services Canada","b527c0cb-4918-4a11-804e-11902f79d370","parliament_report","not_planned",1
"Tue Jun 22 08:27:46 2021","oag-bvg","2021 Reports of the Auditor General of Canada—Report 11—Health Resources for Indigenous Communities—Indigenous Services Canada","b527c0cb-4918-4a11-804e-11902f79d370","parliament_report","not_planned",1
"Tue Jun 22 09:26:32 2021","oag-bvg","2021 Reports of the Auditor General of Canada—Report 11—Health Resources for Indigenous Communities—Indigenous Services Canada","b527c0cb-4918-4a11-804e-11902f79d370","parliament_report","not_planned",1
"Tue Jun 22 10:27:42 2021","oag-bvg","2021 Reports of the Auditor General of Canada—Report 11—Health Resources for Indigenous Communities—Indigenous Services Canada","b527c0cb-4918-4a11-804e-11902f79d370","parliament_report","not_planned",1
"Tue Jun 22 11:25:00 2021","oag-bvg","2021 Reports of the Auditor General of Canada—Report 11—Health Resources for Indigenous Communities—Indigenous Services Canada","b527c0cb-4918-4a11-804e-11902f79d370","parliament_report","not_planned",1
"Tue Jun 22 12:35:44 2021","oag-bvg","2021 Reports of the Auditor General of Canada—Report 11—Health Resources for Indigenous Communities—Indigenous Services Canada","b527c0cb-4918-4a11-804e-11902f79d370","parliament_report","not_planned",1
"Tue Jun 22 13:37:02 2021","statcan","Infrastructure Economic Accounts, Environmental Perspective","9f75f76c-b008-4410-8786-1f33bc43dcd9","primary","P1Y",1
"Tue Jun 22 14:32:01 2021","ssc-spc","Secure, Reliable and Easy to Access: Transforming Your Experience with the Government of Canada","cb4e4249-baf7-44b6-91ee-b54e11c6de54","publication","unknown",1
"Tue Jun 22 15:30:27 2021","ssc-spc","Secure, Reliable and Easy to Access: Transforming Your Experience with the Government of Canada","cb4e4249-baf7-44b6-91ee-b54e11c6de54","publication","unknown",1
"Tue Jun 22 16:34:41 2021","aafc-aac","DanPo_25484 Ref Spat inconnue pour harvester","9d6b4686-6fb3-4e8d-b703-4707e7ca115e","fgp","not_planned",1
"Tue Jun 22 17:42:11 2021","ssc-spc","Secure, Reliable and Easy to Access: Transforming Your Experience with the Government of Canada","cb4e4249-baf7-44b6-91ee-b54e11c6de54","publication","unknown",1
"Tue Jun 22 18:27:44 2021","ssc-spc","Secure, Reliable and Easy to Access: Transforming Your Experience with the Government of Canada","cb4e4249-baf7-44b6-91ee-b54e11c6de54","publication","unknown",1
"Tue Jun 22 19:25:36 2021","ssc-spc","Secure, Reliable and Easy to Access: Transforming Your Experience with the Government of Canada","cb4e4249-baf7-44b6-91ee-b54e11c6de54","publication","unknown",1
"Tue Jun 22 20:27:10 2021","ssc-spc","Secure, Reliable and Easy to Access: Transforming Your Experience with the Government of Canada","cb4e4249-baf7-44b6-91ee-b54e11c6de54","publication","unknown",1
"Tue Jun 22 21:25:33 2021","ssc-spc","Secure, Reliable and Easy to Access: Transforming Your Experience with the Government of Canada","cb4e4249-baf7-44b6-91ee-b54e11c6de54","publication","unknown",1
"Tue Jun 22 22:26:03 2021","ssc-spc","Secure, Reliable and Easy to Access: Transforming Your Experience with the Government of Canada","cb4e4249-baf7-44b6-91ee-b54e11c6de54","publication","unknown",1
"Tue Jun 22 23:27:09 2021","ssc-spc","Secure, Reliable and Easy to Access: Transforming Your Experience with the Government of Canada","cb4e4249-baf7-44b6-91ee-b54e11c6de54","publication","unknown",1
"Wed Jun 23 00:48:49 2021","ssc-spc","Secure, Reliable and Easy to Access: Transforming Your Experience with the Government of Canada","cb4e4249-baf7-44b6-91ee-b54e11c6de54","publication","unknown",1
"Wed Jun 23 02:03:59 2021","ssc-spc","Secure, Reliable and Easy to Access: Transforming Your Experience with the Government of Canada","cb4e4249-baf7-44b6-91ee-b54e11c6de54","publication","unknown",1
"Wed Jun 23 02:37:58 2021","ssc-spc","Secure, Reliable and Easy to Access: Transforming Your Experience with the Government of Canada","cb4e4249-baf7-44b6-91ee-b54e11c6de54","publication","unknown",1
"Wed Jun 23 03:26:14 2021","ssc-spc","Secure, Reliable and Easy to Access: Transforming Your Experience with the Government of Canada","cb4e4249-baf7-44b6-91ee-b54e11c6de54","publication","unknown",1
"Wed Jun 23 04:32:50 2021","ssc-spc","Secure, Reliable and Easy to Access: Transforming Your Experience with the Government of Canada","cb4e4249-baf7-44b6-91ee-b54e11c6de54","publication","unknown",1
"Wed Jun 23 05:27:31 2021","ssc-spc","Secure, Reliable and Easy to Access: Transforming Your Experience with the Government of Canada","cb4e4249-baf7-44b6-91ee-b54e11c6de54","publication","unknown",1
"Wed Jun 23 06:29:35 2021","ssc-spc","Secure, Reliable and Easy to Access: Transforming Your Experience with the Government of Canada","cb4e4249-baf7-44b6-91ee-b54e11c6de54","publication","unknown",1
"Wed Jun 23 07:28:48 2021","ssc-spc","Secure, Reliable and Easy to Access: Transforming Your Experience with the Government of Canada","cb4e4249-baf7-44b6-91ee-b54e11c6de54","publication","unknown",1
"Wed Jun 23 08:29:40 2021","ssc-spc","Secure, Reliable and Easy to Access: Transforming Your Experience with the Government of Canada","cb4e4249-baf7-44b6-91ee-b54e11c6de54","publication","unknown",1
"Wed Jun 23 09:30:17 2021","ssc-spc","Secure, Reliable and Easy to Access: Transforming Your Experience with the Government of Canada","cb4e4249-baf7-44b6-91ee-b54e11c6de54","publication","unknown",1
"Wed Jun 23 10:28:31 2021","ssc-spc","Secure, Reliable and Easy to Access: Transforming Your Experience with the Government of Canada","cb4e4249-baf7-44b6-91ee-b54e11c6de54","publication","unknown",1
"Wed Jun 23 11:24:57 2021","ssc-spc","Secure, Reliable and Easy to Access: Transforming Your Experience with the Government of Canada","cb4e4249-baf7-44b6-91ee-b54e11c6de54","publication","unknown",1
"Wed Jun 23 12:33:56 2021","ssc-spc","Secure, Reliable and Easy to Access: Transforming Your Experience with the Government of Canada","cb4e4249-baf7-44b6-91ee-b54e11c6de54","publication","unknown",1
"Wed Jun 23 13:30:21 2021","oag-bvg","2021 Reports of the Auditor General of Canada—Report 10—Securing Personal Protective Equipment and Medical Devices","332d1161-e81d-4449-a4a7-0c4c427fa0e8","parliament_report","not_planned",1
"Wed Jun 23 14:28:51 2021","oag-bvg","2021 Reports of the Auditor General of Canada—Report 10—Securing Personal Protective Equipment and Medical Devices","332d1161-e81d-4449-a4a7-0c4c427fa0e8","parliament_report","not_planned",1
"Wed Jun 23 15:26:27 2021","nrcan-rncan","Atlas of Canada National Scale Data – Annual Minimum Snow and Ice (MSI) Extent Time Series","93d94cac-05d2-4ea0-82e1-3ff8500ebf93","fgp","P1Y",1
"Wed Jun 23 16:30:39 2021","nrcan-rncan","Atlas of Canada National Scale Data – Annual Minimum Snow and Ice (MSI) Extent Time Series","93d94cac-05d2-4ea0-82e1-3ff8500ebf93","fgp","P1Y",1
"Wed Jun 23 17:30:27 2021","nrcan-rncan","Atlas of Canada National Scale Data – Annual Minimum Snow and Ice (MSI) Extent Time Series","93d94cac-05d2-4ea0-82e1-3ff8500ebf93","fgp","P1Y",1
"Wed Jun 23 18:29:21 2021","nrcan-rncan","Atlas of Canada National Scale Data – Annual Minimum Snow and Ice (MSI) Extent Time Series","93d94cac-05d2-4ea0-82e1-3ff8500ebf93","fgp","P1Y",1
"Wed Jun 23 19:25:58 2021","nrcan-rncan","Atlas of Canada National Scale Data – Annual Minimum Snow and Ice (MSI) Extent Time Series","93d94cac-05d2-4ea0-82e1-3ff8500ebf93","fgp","P1Y",1
"Wed Jun 23 20:25:47 2021","nrcan-rncan","Atlas of Canada National Scale Data – Annual Minimum Snow and Ice (MSI) Extent Time Series","93d94cac-05d2-4ea0-82e1-3ff8500ebf93","fgp","P1Y",1
"Wed Jun 23 21:23:45 2021","nrcan-rncan","Atlas of Canada National Scale Data – Annual Minimum Snow and Ice (MSI) Extent Time Series","93d94cac-05d2-4ea0-82e1-3ff8500ebf93","fgp","P1Y",1
"Wed Jun 23 22:25:22 2021","nrcan-rncan","Atlas of Canada National Scale Data – Annual Minimum Snow and Ice (MSI) Extent Time Series","93d94cac-05d2-4ea0-82e1-3ff8500ebf93","fgp","P1Y",1
"Wed Jun 23 23:27:16 2021","nrcan-rncan","Atlas of Canada National Scale Data – Annual Minimum Snow and Ice (MSI) Extent Time Series","93d94cac-05d2-4ea0-82e1-3ff8500ebf93","fgp","P1Y",1
"Thu Jun 24 00:52:16 2021","nrcan-rncan","Atlas of Canada National Scale Data – Annual Minimum Snow and Ice (MSI) Extent Time Series","93d94cac-05d2-4ea0-82e1-3ff8500ebf93","fgp","P1Y",1
"Thu Jun 24 02:01:07 2021","nrcan-rncan","Atlas of Canada National Scale Data – Annual Minimum Snow and Ice (MSI) Extent Time Series","93d94cac-05d2-4ea0-82e1-3ff8500ebf93","fgp","P1Y",1
"Thu Jun 24 02:34:08 2021","nrcan-rncan","Atlas of Canada National Scale Data – Annual Minimum Snow and Ice (MSI) Extent Time Series","93d94cac-05d2-4ea0-82e1-3ff8500ebf93","fgp","P1Y",1
"Thu Jun 24 03:26:09 2021","nrcan-rncan","Atlas of Canada National Scale Data – Annual Minimum Snow and Ice (MSI) Extent Time Series","93d94cac-05d2-4ea0-82e1-3ff8500ebf93","fgp","P1Y",1
"Thu Jun 24 04:29:57 2021","nrcan-rncan","Atlas of Canada National Scale Data – Annual Minimum Snow and Ice (MSI) Extent Time Series","93d94cac-05d2-4ea0-82e1-3ff8500ebf93","fgp","P1Y",1
"Thu Jun 24 05:26:00 2021","nrcan-rncan","Atlas of Canada National Scale Data – Annual Minimum Snow and Ice (MSI) Extent Time Series","93d94cac-05d2-4ea0-82e1-3ff8500ebf93","fgp","P1Y",1
"Thu Jun 24 06:31:39 2021","nrcan-rncan","Atlas of Canada National Scale Data – Annual Minimum Snow and Ice (MSI) Extent Time Series","93d94cac-05d2-4ea0-82e1-3ff8500ebf93","fgp","P1Y",1
"Thu Jun 24 07:28:18 2021","nrcan-rncan","Atlas of Canada National Scale Data – Annual Minimum Snow and Ice (MSI) Extent Time Series","93d94cac-05d2-4ea0-82e1-3ff8500ebf93","fgp","P1Y",1
"Thu Jun 24 08:32:50 2021","nrcan-rncan","Atlas of Canada National Scale Data – Annual Minimum Snow and Ice (MSI) Extent Time Series","93d94cac-05d2-4ea0-82e1-3ff8500ebf93","fgp","P1Y",1
"Thu Jun 24 09:29:51 2021","nrcan-rncan","Atlas of Canada National Scale Data – Annual Minimum Snow and Ice (MSI) Extent Time Series","93d94cac-05d2-4ea0-82e1-3ff8500ebf93","fgp","P1Y",1
"Thu Jun 24 10:28:09 2021","nrcan-rncan","Atlas of Canada National Scale Data – Annual Minimum Snow and Ice (MSI) Extent Time Series","93d94cac-05d2-4ea0-82e1-3ff8500ebf93","fgp","P1Y",1
"Thu Jun 24 11:24:23 2021","nrcan-rncan","Atlas of Canada National Scale Data – Annual Minimum Snow and Ice (MSI) Extent Time Series","93d94cac-05d2-4ea0-82e1-3ff8500ebf93","fgp","P1Y",1
"Thu Jun 24 12:31:00 2021","nrcan-rncan","Atlas of Canada National Scale Data – Annual Minimum Snow and Ice (MSI) Extent Time Series","93d94cac-05d2-4ea0-82e1-3ff8500ebf93","fgp","P1Y",1
"Thu Jun 24 13:32:27 2021","phac-aspc","Emergency Situation Facing Canadians in Light of the COVID-19 Pandemic","798b95a7-f434-4ca8-9313-6fa340a2ffc9","parliament_committee_deputy","as_needed",1
"Thu Jun 24 14:26:25 2021","phac-aspc","Emergency Situation Facing Canadians in Light of the COVID-19 Pandemic","798b95a7-f434-4ca8-9313-6fa340a2ffc9","parliament_committee_deputy","as_needed",1
"Thu Jun 24 15:26:58 2021","aafc-aac","Spatial Density of Forage Crops in Canada","126b659d-7347-41a7-ae82-4f613f9cedba","fgp","as_needed",1
"Thu Jun 24 16:29:55 2021","aafc-aac","Spatial Density of Forage Crops in Canada","126b659d-7347-41a7-ae82-4f613f9cedba","fgp","as_needed",1
"Thu Jun 24 17:34:15 2021","pwgsc-tpsgc","Standing Committee on Public Accounts","00af404b-47b8-4f58-9cc7-f63058e65143","parliament_committee","as_needed",1
"Thu Jun 24 18:27:17 2021","pwgsc-tpsgc","Standing Committee on Public Accounts","00af404b-47b8-4f58-9cc7-f63058e65143","parliament_committee","as_needed",1
"Thu Jun 24 19:26:32 2021","pwgsc-tpsgc","Standing Committee on Public Accounts","00af404b-47b8-4f58-9cc7-f63058e65143","parliament_committee","as_needed",1
"Thu Jun 24 20:25:33 2021","pwgsc-tpsgc","Standing Committee on Public Accounts","00af404b-47b8-4f58-9cc7-f63058e65143","parliament_committee","as_needed",1
"Thu Jun 24 21:23:37 2021","pwgsc-tpsgc","Standing Committee on Public Accounts","00af404b-47b8-4f58-9cc7-f63058e65143","parliament_committee","as_needed",1
"Thu Jun 24 22:23:30 2021","pwgsc-tpsgc","Standing Committee on Public Accounts","00af404b-47b8-4f58-9cc7-f63058e65143","parliament_committee","as_needed",1
"Thu Jun 24 23:24:07 2021","pwgsc-tpsgc","Standing Committee on Public Accounts","00af404b-47b8-4f58-9cc7-f63058e65143","parliament_committee","as_needed",1
"Fri Jun 25 00:46:24 2021","pwgsc-tpsgc","Standing Committee on Public Accounts","00af404b-47b8-4f58-9cc7-f63058e65143","parliament_committee","as_needed",1
"Fri Jun 25 02:11:01 2021","pwgsc-tpsgc","Standing Committee on Public Accounts","00af404b-47b8-4f58-9cc7-f63058e65143","parliament_committee","as_needed",1
"Fri Jun 25 02:45:43 2021","pwgsc-tpsgc","Standing Committee on Public Accounts","00af404b-47b8-4f58-9cc7-f63058e65143","parliament_committee","as_needed",1
"Fri Jun 25 03:24:27 2021","pwgsc-tpsgc","Standing Committee on Public Accounts","00af404b-47b8-4f58-9cc7-f63058e65143","parliament_committee","as_needed",1
"Fri Jun 25 04:26:04 2021","pwgsc-tpsgc","Standing Committee on Public Accounts","00af404b-47b8-4f58-9cc7-f63058e65143","parliament_committee","as_needed",1
"Fri Jun 25 05:22:45 2021","pwgsc-tpsgc","Standing Committee on Public Accounts","00af404b-47b8-4f58-9cc7-f63058e65143","parliament_committee","as_needed",1
"Fri Jun 25 06:26:35 2021","pwgsc-tpsgc","Standing Committee on Public Accounts","00af404b-47b8-4f58-9cc7-f63058e65143","parliament_committee","as_needed",1
"Fri Jun 25 07:26:30 2021","pwgsc-tpsgc","Standing Committee on Public Accounts","00af404b-47b8-4f58-9cc7-f63058e65143","parliament_committee","as_needed",1
"Fri Jun 25 08:24:58 2021","pwgsc-tpsgc","Standing Committee on Public Accounts","00af404b-47b8-4f58-9cc7-f63058e65143","parliament_committee","as_needed",1
"Fri Jun 25 09:29:21 2021","pwgsc-tpsgc","Standing Committee on Public Accounts","00af404b-47b8-4f58-9cc7-f63058e65143","parliament_committee","as_needed",1
"Fri Jun 25 10:29:07 2021","pwgsc-tpsgc","Standing Committee on Public Accounts","00af404b-47b8-4f58-9cc7-f63058e65143","parliament_committee","as_needed",1
"Fri Jun 25 11:20:56 2021","pwgsc-tpsgc","Standing Committee on Public Accounts","00af404b-47b8-4f58-9cc7-f63058e65143","parliament_committee","as_needed",1
"Fri Jun 25 12:30:35 2021","pwgsc-tpsgc","Standing Committee on Public Accounts","00af404b-47b8-4f58-9cc7-f63058e65143","parliament_committee","as_needed",1
"Fri Jun 25 13:33:16 2021","pwgsc-tpsgc","Standing Committee on Public Accounts","00af404b-47b8-4f58-9cc7-f63058e65143","parliament_committee","as_needed",1
"Fri Jun 25 14:24:29 2021","pwgsc-tpsgc","Standing Committee on Public Accounts","00af404b-47b8-4f58-9cc7-f63058e65143","parliament_committee","as_needed",1
"Fri Jun 25 15:28:20 2021","pwgsc-tpsgc","Standing Committee on Public Accounts","00af404b-47b8-4f58-9cc7-f63058e65143","parliament_committee","as_needed",1
"Fri Jun 25 16:33:34 2021","pwgsc-tpsgc","Standing Committee on Public Accounts","00af404b-47b8-4f58-9cc7-f63058e65143","parliament_committee","as_needed",1
"Fri Jun 25 17:34:00 2021","pwgsc-tpsgc","Standing Committee on Public Accounts","00af404b-47b8-4f58-9cc7-f63058e65143","parliament_committee","as_needed",1
"Fri Jun 25 19:23:19 2021","pwgsc-tpsgc","Standing Committee on Public Accounts","00af404b-47b8-4f58-9cc7-f63058e65143","parliament_committee","as_needed",1
"Fri Jun 25 20:30:57 2021","pwgsc-tpsgc","Standing Committee on Public Accounts","00af404b-47b8-4f58-9cc7-f63058e65143","parliament_committee","as_needed",1
"Fri Jun 25 21:25:31 2021","pwgsc-tpsgc","Standing Committee on Public Accounts","00af404b-47b8-4f58-9cc7-f63058e65143","parliament_committee","as_needed",1
"Fri Jun 25 22:25:40 2021","pwgsc-tpsgc","Standing Committee on Public Accounts","00af404b-47b8-4f58-9cc7-f63058e65143","parliament_committee","as_needed",1
"Fri Jun 25 23:24:19 2021","pwgsc-tpsgc","Standing Committee on Public Accounts","00af404b-47b8-4f58-9cc7-f63058e65143","parliament_committee","as_needed",1
"Sat Jun 26 00:43:12 2021","pwgsc-tpsgc","Standing Committee on Public Accounts","00af404b-47b8-4f58-9cc7-f63058e65143","parliament_committee","as_needed",1
"Sat Jun 26 02:05:23 2021","pwgsc-tpsgc","Standing Committee on Public Accounts","00af404b-47b8-4f58-9cc7-f63058e65143","parliament_committee","as_needed",1
"Sat Jun 26 02:40:05 2021","pwgsc-tpsgc","Standing Committee on Public Accounts","00af404b-47b8-4f58-9cc7-f63058e65143","parliament_committee","as_needed",1
"Sat Jun 26 03:27:36 2021","pwgsc-tpsgc","Standing Committee on Public Accounts","00af404b-47b8-4f58-9cc7-f63058e65143","parliament_committee","as_needed",1
"Sat Jun 26 04:25:12 2021","pwgsc-tpsgc","Standing Committee on Public Accounts","00af404b-47b8-4f58-9cc7-f63058e65143","parliament_committee","as_needed",1
"Sat Jun 26 05:23:01 2021","pwgsc-tpsgc","Standing Committee on Public Accounts","00af404b-47b8-4f58-9cc7-f63058e65143","parliament_committee","as_needed",1
"Sat Jun 26 06:28:19 2021","pwgsc-tpsgc","Standing Committee on Public Accounts","00af404b-47b8-4f58-9cc7-f63058e65143","parliament_committee","as_needed",1
"Sat Jun 26 07:26:17 2021","phac-aspc","COVID-19: Life after vaccination","f4a0925f-7967-4e67-8b35-ce18f40cce9b","publication","unknown",1
"Sat Jun 26 08:28:54 2021","phac-aspc","COVID-19: Life after vaccination","f4a0925f-7967-4e67-8b35-ce18f40cce9b","publication","unknown",1
"Sat Jun 26 09:23:42 2021","phac-aspc","COVID-19: Life after vaccination","f4a0925f-7967-4e67-8b35-ce18f40cce9b","publication","unknown",1
"Sat Jun 26 10:28:52 2021","phac-aspc","COVID-19: Life after vaccination","f4a0925f-7967-4e67-8b35-ce18f40cce9b","publication","unknown",1
"Sat Jun 26 11:25:19 2021","phac-aspc","COVID-19: Life after vaccination","f4a0925f-7967-4e67-8b35-ce18f40cce9b","publication","unknown",1
"Sat Jun 26 12:28:52 2021","phac-aspc","COVID-19: Life after vaccination","f4a0925f-7967-4e67-8b35-ce18f40cce9b","publication","unknown",1
"Sat Jun 26 13:31:48 2021","phac-aspc","COVID-19: Life after vaccination","f4a0925f-7967-4e67-8b35-ce18f40cce9b","publication","unknown",1
"Sat Jun 26 14:24:40 2021","phac-aspc","COVID-19: Life after vaccination","f4a0925f-7967-4e67-8b35-ce18f40cce9b","publication","unknown",1
"Sat Jun 26 15:26:39 2021","phac-aspc","COVID-19: Life after vaccination","f4a0925f-7967-4e67-8b35-ce18f40cce9b","publication","unknown",1
"Sat Jun 26 16:29:51 2021","phac-aspc","COVID-19: Life after vaccination","f4a0925f-7967-4e67-8b35-ce18f40cce9b","publication","unknown",1
"Sat Jun 26 17:32:56 2021","phac-aspc","COVID-19: Life after vaccination","f4a0925f-7967-4e67-8b35-ce18f40cce9b","publication","unknown",1
"Sat Jun 26 18:28:49 2021","phac-aspc","COVID-19: Life after vaccination","f4a0925f-7967-4e67-8b35-ce18f40cce9b","publication","unknown",1
"Sat Jun 26 19:24:03 2021","phac-aspc","COVID-19: Life after vaccination","f4a0925f-7967-4e67-8b35-ce18f40cce9b","publication","unknown",1
"Sat Jun 26 20:27:22 2021","phac-aspc","COVID-19: Life after vaccination","f4a0925f-7967-4e67-8b35-ce18f40cce9b","publication","unknown",1
"Sat Jun 26 21:23:09 2021","phac-aspc","COVID-19: Life after vaccination","f4a0925f-7967-4e67-8b35-ce18f40cce9b","publication","unknown",1
"Sat Jun 26 22:28:10 2021","phac-aspc","COVID-19: Life after vaccination","f4a0925f-7967-4e67-8b35-ce18f40cce9b","publication","unknown",1
"Sat Jun 26 23:24:27 2021","phac-aspc","COVID-19: Life after vaccination","f4a0925f-7967-4e67-8b35-ce18f40cce9b","publication","unknown",1
"Sun Jun 27 00:48:36 2021","phac-aspc","COVID-19: Life after vaccination","f4a0925f-7967-4e67-8b35-ce18f40cce9b","publication","unknown",1
"Sun Jun 27 02:15:00 2021","phac-aspc","COVID-19: Life after vaccination","f4a0925f-7967-4e67-8b35-ce18f40cce9b","publication","unknown",1
"Sun Jun 27 02:44:44 2021","phac-aspc","COVID-19: Life after vaccination","f4a0925f-7967-4e67-8b35-ce18f40cce9b","publication","unknown",1
"Sun Jun 27 03:27:55 2021","phac-aspc","COVID-19: Life after vaccination","f4a0925f-7967-4e67-8b35-ce18f40cce9b","publication","unknown",1
"Sun Jun 27 04:26:24 2021","phac-aspc","COVID-19: Life after vaccination","f4a0925f-7967-4e67-8b35-ce18f40cce9b","publication","unknown",1
"Sun Jun 27 05:25:39 2021","phac-aspc","COVID-19: Life after vaccination","f4a0925f-7967-4e67-8b35-ce18f40cce9b","publication","unknown",1
"Sun Jun 27 06:26:08 2021","phac-aspc","COVID-19: Life after vaccination","f4a0925f-7967-4e67-8b35-ce18f40cce9b","publication","unknown",1
"Sun Jun 27 07:26:18 2021","phac-aspc","COVID-19: Life after vaccination","f4a0925f-7967-4e67-8b35-ce18f40cce9b","publication","unknown",1
"Sun Jun 27 08:27:36 2021","phac-aspc","COVID-19: Life after vaccination","f4a0925f-7967-4e67-8b35-ce18f40cce9b","publication","unknown",1
"Sun Jun 27 09:27:43 2021","phac-aspc","COVID-19: Life after vaccination","f4a0925f-7967-4e67-8b35-ce18f40cce9b","publication","unknown",1
"Sun Jun 27 10:27:12 2021","phac-aspc","COVID-19: Life after vaccination","f4a0925f-7967-4e67-8b35-ce18f40cce9b","publication","unknown",1
"Sun Jun 27 11:26:37 2021","phac-aspc","COVID-19: Life after vaccination","f4a0925f-7967-4e67-8b35-ce18f40cce9b","publication","unknown",1
"Sun Jun 27 12:31:47 2021","phac-aspc","COVID-19: Life after vaccination","f4a0925f-7967-4e67-8b35-ce18f40cce9b","publication","unknown",1
"Sun Jun 27 13:29:29 2021","phac-aspc","COVID-19: Life after vaccination","f4a0925f-7967-4e67-8b35-ce18f40cce9b","publication","unknown",1
"Sun Jun 27 14:26:10 2021","phac-aspc","COVID-19: Life after vaccination","f4a0925f-7967-4e67-8b35-ce18f40cce9b","publication","unknown",1
"Sun Jun 27 15:29:43 2021","phac-aspc","COVID-19: Life after vaccination","f4a0925f-7967-4e67-8b35-ce18f40cce9b","publication","unknown",1
"Sun Jun 27 16:26:51 2021","phac-aspc","COVID-19: Life after vaccination","f4a0925f-7967-4e67-8b35-ce18f40cce9b","publication","unknown",1
"Sun Jun 27 17:33:03 2021","phac-aspc","COVID-19: Life after vaccination","f4a0925f-7967-4e67-8b35-ce18f40cce9b","publication","unknown",1
"Sun Jun 27 18:24:46 2021","phac-aspc","COVID-19: Life after vaccination","f4a0925f-7967-4e67-8b35-ce18f40cce9b","publication","unknown",1
"Sun Jun 27 19:26:46 2021","phac-aspc","COVID-19: Life after vaccination","f4a0925f-7967-4e67-8b35-ce18f40cce9b","publication","unknown",1
"Sun Jun 27 20:27:03 2021","phac-aspc","COVID-19: Life after vaccination","f4a0925f-7967-4e67-8b35-ce18f40cce9b","publication","unknown",1
"Sun Jun 27 21:25:46 2021","phac-aspc","COVID-19: Life after vaccination","f4a0925f-7967-4e67-8b35-ce18f40cce9b","publication","unknown",1
"Sun Jun 27 22:26:22 2021","phac-aspc","COVID-19: Life after vaccination","f4a0925f-7967-4e67-8b35-ce18f40cce9b","publication","unknown",1
"Sun Jun 27 23:29:04 2021","phac-aspc","COVID-19: Life after vaccination","f4a0925f-7967-4e67-8b35-ce18f40cce9b","publication","unknown",1
"Mon Jun 28 00:48:09 2021","phac-aspc","COVID-19: Life after vaccination","f4a0925f-7967-4e67-8b35-ce18f40cce9b","publication","unknown",1
"Mon Jun 28 02:12:23 2021","phac-aspc","COVID-19: Life after vaccination","f4a0925f-7967-4e67-8b35-ce18f40cce9b","publication","unknown",1
"Mon Jun 28 02:43:56 2021","phac-aspc","COVID-19: Life after vaccination","f4a0925f-7967-4e67-8b35-ce18f40cce9b","publication","unknown",1
"Mon Jun 28 03:25:40 2021","phac-aspc","COVID-19: Life after vaccination","f4a0925f-7967-4e67-8b35-ce18f40cce9b","publication","unknown",1
"Mon Jun 28 04:29:24 2021","phac-aspc","COVID-19: Life after vaccination","f4a0925f-7967-4e67-8b35-ce18f40cce9b","publication","unknown",1
"Mon Jun 28 05:27:59 2021","phac-aspc","COVID-19: Life after vaccination","f4a0925f-7967-4e67-8b35-ce18f40cce9b","publication","unknown",1
"Mon Jun 28 06:26:03 2021","phac-aspc","COVID-19: Life after vaccination","f4a0925f-7967-4e67-8b35-ce18f40cce9b","publication","unknown",1
"Mon Jun 28 07:25:46 2021","phac-aspc","COVID-19: Life after vaccination","f4a0925f-7967-4e67-8b35-ce18f40cce9b","publication","unknown",1
"Mon Jun 28 08:27:11 2021","phac-aspc","COVID-19: Life after vaccination","f4a0925f-7967-4e67-8b35-ce18f40cce9b","publication","unknown",1
"Mon Jun 28 09:24:40 2021","phac-aspc","COVID-19: Life after vaccination","f4a0925f-7967-4e67-8b35-ce18f40cce9b","publication","unknown",1
"Mon Jun 28 10:33:23 2021","phac-aspc","COVID-19: Life after vaccination","f4a0925f-7967-4e67-8b35-ce18f40cce9b","publication","unknown",1
"Mon Jun 28 11:26:20 2021","phac-aspc","COVID-19: Life after vaccination","f4a0925f-7967-4e67-8b35-ce18f40cce9b","publication","unknown",1
"Mon Jun 28 12:28:33 2021","phac-aspc","COVID-19: Life after vaccination","f4a0925f-7967-4e67-8b35-ce18f40cce9b","publication","unknown",1
"Mon Jun 28 13:37:58 2021","statcan","National culture and sport indicators by domain and sub-domain","72543650-4d91-4b9c-ba0e-09c81fa6aa87","primary","P3M",1
"Mon Jun 28 14:26:56 2021","statcan","National culture and sport indicators by domain and sub-domain","72543650-4d91-4b9c-ba0e-09c81fa6aa87","primary","P3M",1
"Mon Jun 28 15:24:31 2021","statcan","National culture and sport indicators by domain and sub-domain","72543650-4d91-4b9c-ba0e-09c81fa6aa87","primary","P3M",1
"Mon Jun 28 16:29:42 2021","statcan","National culture and sport indicators by domain and sub-domain","72543650-4d91-4b9c-ba0e-09c81fa6aa87","primary","P3M",1
"Mon Jun 28 17:58:41 2021","statcan","National culture and sport indicators by domain and sub-domain","72543650-4d91-4b9c-ba0e-09c81fa6aa87","primary","P3M",1
"Mon Jun 28 18:35:44 2021","statcan","National culture and sport indicators by domain and sub-domain","72543650-4d91-4b9c-ba0e-09c81fa6aa87","primary","P3M",1
"Mon Jun 28 19:27:21 2021","dfo-mpo","Exploratory Video-Sidescan and Echosounder Survey of Welch Cove","0083e317-8bb5-492a-8348-c021e183f307","fgp","not_planned",1
"Mon Jun 28 20:26:54 2021","dfo-mpo","Exploratory Video-Sidescan and Echosounder Survey of Welch Cove","0083e317-8bb5-492a-8348-c021e183f307","fgp","not_planned",1
"Mon Jun 28 21:22:59 2021","dfo-mpo","Exploratory Video-Sidescan and Echosounder Survey of Welch Cove","0083e317-8bb5-492a-8348-c021e183f307","fgp","not_planned",1
"Mon Jun 28 22:28:01 2021","dfo-mpo","Exploratory Video-Sidescan and Echosounder Survey of Welch Cove","0083e317-8bb5-492a-8348-c021e183f307","fgp","not_planned",1
"Mon Jun 28 23:29:49 2021","dfo-mpo","Exploratory Video-Sidescan and Echosounder Survey of Welch Cove","0083e317-8bb5-492a-8348-c021e183f307","fgp","not_planned",1
"Tue Jun 29 00:45:44 2021","dfo-mpo","Exploratory Video-Sidescan and Echosounder Survey of Welch Cove","0083e317-8bb5-492a-8348-c021e183f307","fgp","not_planned",1
"Tue Jun 29 02:09:45 2021","dfo-mpo","Exploratory Video-Sidescan and Echosounder Survey of Welch Cove","0083e317-8bb5-492a-8348-c021e183f307","fgp","not_planned",1
"Tue Jun 29 02:41:56 2021","dfo-mpo","Exploratory Video-Sidescan and Echosounder Survey of Welch Cove","0083e317-8bb5-492a-8348-c021e183f307","fgp","not_planned",1
"Tue Jun 29 03:26:57 2021","dfo-mpo","Exploratory Video-Sidescan and Echosounder Survey of Welch Cove","0083e317-8bb5-492a-8348-c021e183f307","fgp","not_planned",1
"Tue Jun 29 04:25:47 2021","dfo-mpo","Exploratory Video-Sidescan and Echosounder Survey of Welch Cove","0083e317-8bb5-492a-8348-c021e183f307","fgp","not_planned",1
"Tue Jun 29 05:22:43 2021","dfo-mpo","Exploratory Video-Sidescan and Echosounder Survey of Welch Cove","0083e317-8bb5-492a-8348-c021e183f307","fgp","not_planned",1
"Tue Jun 29 06:26:24 2021","dfo-mpo","Exploratory Video-Sidescan and Echosounder Survey of Welch Cove","0083e317-8bb5-492a-8348-c021e183f307","fgp","not_planned",1
"Tue Jun 29 07:26:24 2021","hc-sc","Testing devices for COVID-19: Nucleic acid testing devices","c1cd9022-acea-42e3-a1b8-875c2239764a","publication","as_needed",1
"Tue Jun 29 08:27:58 2021","hc-sc","Testing devices for COVID-19: Nucleic acid testing devices","c1cd9022-acea-42e3-a1b8-875c2239764a","publication","as_needed",1
"Tue Jun 29 09:29:22 2021","hc-sc","Testing devices for COVID-19: Nucleic acid testing devices","c1cd9022-acea-42e3-a1b8-875c2239764a","publication","as_needed",1
"Tue Jun 29 10:24:13 2021","hc-sc","Testing devices for COVID-19: Nucleic acid testing devices","c1cd9022-acea-42e3-a1b8-875c2239764a","publication","as_needed",1
"Tue Jun 29 11:27:06 2021","hc-sc","Testing devices for COVID-19: Nucleic acid testing devices","c1cd9022-acea-42e3-a1b8-875c2239764a","publication","as_needed",1
"Tue Jun 29 12:28:11 2021","hc-sc","Testing devices for COVID-19: Nucleic acid testing devices","c1cd9022-acea-42e3-a1b8-875c2239764a","publication","as_needed",1
"Tue Jun 29 13:31:36 2021","hc-sc","Testing devices for COVID-19: Nucleic acid testing devices","c1cd9022-acea-42e3-a1b8-875c2239764a","publication","as_needed",1
"Tue Jun 29 14:24:42 2021","hc-sc","Testing devices for COVID-19: Nucleic acid testing devices","c1cd9022-acea-42e3-a1b8-875c2239764a","publication","as_needed",1
"Tue Jun 29 15:23:32 2021","hc-sc","Testing devices for COVID-19: Nucleic acid testing devices","c1cd9022-acea-42e3-a1b8-875c2239764a","publication","as_needed",1
"Tue Jun 29 16:27:56 2021","hc-sc","Testing devices for COVID-19: Nucleic acid testing devices","c1cd9022-acea-42e3-a1b8-875c2239764a","publication","as_needed",1
"Tue Jun 29 17:32:26 2021","hc-sc","Testing devices for COVID-19: Nucleic acid testing devices","c1cd9022-acea-42e3-a1b8-875c2239764a","publication","as_needed",1
"Tue Jun 29 18:26:46 2021","hc-sc","Testing devices for COVID-19: Nucleic acid testing devices","c1cd9022-acea-42e3-a1b8-875c2239764a","publication","as_needed",1
"Tue Jun 29 19:25:44 2021","hc-sc","Testing devices for COVID-19: Nucleic acid testing devices","c1cd9022-acea-42e3-a1b8-875c2239764a","publication","as_needed",1
"Tue Jun 29 20:25:03 2021","hc-sc","Testing devices for COVID-19: Nucleic acid testing devices","c1cd9022-acea-42e3-a1b8-875c2239764a","publication","as_needed",1
"Tue Jun 29 21:28:05 2021","hc-sc","Testing devices for COVID-19: Nucleic acid testing devices","c1cd9022-acea-42e3-a1b8-875c2239764a","publication","as_needed",1
"Tue Jun 29 22:23:28 2021","hc-sc","Testing devices for COVID-19: Nucleic acid testing devices","c1cd9022-acea-42e3-a1b8-875c2239764a","publication","as_needed",1
"Tue Jun 29 23:25:58 2021","hc-sc","Testing devices for COVID-19: Nucleic acid testing devices","c1cd9022-acea-42e3-a1b8-875c2239764a","publication","as_needed",1
"Wed Jun 30 00:47:30 2021","hc-sc","Testing devices for COVID-19: Nucleic acid testing devices","c1cd9022-acea-42e3-a1b8-875c2239764a","publication","as_needed",1
"Wed Jun 30 02:11:23 2021","hc-sc","Testing devices for COVID-19: Nucleic acid testing devices","c1cd9022-acea-42e3-a1b8-875c2239764a","publication","as_needed",1
"Wed Jun 30 02:42:05 2021","hc-sc","Testing devices for COVID-19: Nucleic acid testing devices","c1cd9022-acea-42e3-a1b8-875c2239764a","publication","as_needed",1
"Wed Jun 30 03:24:36 2021","hc-sc","Testing devices for COVID-19: Nucleic acid testing devices","c1cd9022-acea-42e3-a1b8-875c2239764a","publication","as_needed",1
"Wed Jun 30 04:25:45 2021","hc-sc","Testing devices for COVID-19: Nucleic acid testing devices","c1cd9022-acea-42e3-a1b8-875c2239764a","publication","as_needed",1
"Wed Jun 30 05:25:18 2021","hc-sc","Testing devices for COVID-19: Nucleic acid testing devices","c1cd9022-acea-42e3-a1b8-875c2239764a","publication","as_needed",1
"Wed Jun 30 06:28:52 2021","hc-sc","Testing devices for COVID-19: Nucleic acid testing devices","c1cd9022-acea-42e3-a1b8-875c2239764a","publication","as_needed",1
"Wed Jun 30 07:27:08 2021","cfia-acia","CFIA Undeclared Peanut and Gluten in Cumin and Paprika - 2015-2016","5fbddfda-3f4c-4cc2-844c-1a44757d6206","primary","not_planned",1
"Wed Jun 30 08:25:36 2021","cfia-acia","CFIA Undeclared Peanut and Gluten in Cumin and Paprika - 2015-2016","5fbddfda-3f4c-4cc2-844c-1a44757d6206","primary","not_planned",1
"Wed Jun 30 09:25:44 2021","cfia-acia","CFIA Undeclared Peanut and Gluten in Cumin and Paprika - 2015-2016","5fbddfda-3f4c-4cc2-844c-1a44757d6206","primary","not_planned",1
"Wed Jun 30 10:25:37 2021","cfia-acia","CFIA Undeclared Peanut and Gluten in Cumin and Paprika - 2015-2016","5fbddfda-3f4c-4cc2-844c-1a44757d6206","primary","not_planned",1
"Wed Jun 30 11:27:21 2021","cfia-acia","CFIA Undeclared Peanut and Gluten in Cumin and Paprika - 2015-2016","5fbddfda-3f4c-4cc2-844c-1a44757d6206","primary","not_planned",1
"Wed Jun 30 12:32:20 2021","statcan","Canadian Index of Multiple Deprivation","5c670585-97ed-4e6a-a607-30fab940ff88","fgp","as_needed",1
"Wed Jun 30 13:36:43 2021","statcan","Canadian Index of Multiple Deprivation","5c670585-97ed-4e6a-a607-30fab940ff88","fgp","as_needed",1
"Wed Jun 30 14:26:24 2021","statcan","Canadian Index of Multiple Deprivation","5c670585-97ed-4e6a-a607-30fab940ff88","fgp","as_needed",1
"Wed Jun 30 15:30:32 2021","statcan","Canadian Index of Multiple Deprivation","5c670585-97ed-4e6a-a607-30fab940ff88","fgp","as_needed",1
"Wed Jun 30 16:32:16 2021","statcan","Canadian Index of Multiple Deprivation","5c670585-97ed-4e6a-a607-30fab940ff88","fgp","as_needed",1
"Wed Jun 30 17:39:10 2021","hc-sc","COVID-19 Treatments","0c3b12d9-e70f-4a0d-a088-667fe7deb3e2","publication","as_needed",1
"Wed Jun 30 18:26:24 2021","hc-sc","COVID-19 mRNA vaccines","e44cfa5f-da35-4f0c-a156-9418548be628","publication","as_needed",1
"Wed Jun 30 19:22:32 2021","hc-sc","COVID-19 mRNA vaccines","e44cfa5f-da35-4f0c-a156-9418548be628","publication","as_needed",1
"Wed Jun 30 20:27:52 2021","hc-sc","COVID-19 mRNA vaccines","e44cfa5f-da35-4f0c-a156-9418548be628","publication","as_needed",1
"Wed Jun 30 21:26:41 2021","hc-sc","COVID-19 mRNA vaccines","e44cfa5f-da35-4f0c-a156-9418548be628","publication","as_needed",1
"Wed Jun 30 22:27:30 2021","hc-sc","COVID-19 mRNA vaccines","e44cfa5f-da35-4f0c-a156-9418548be628","publication","as_needed",1
"Wed Jun 30 23:26:07 2021","hc-sc","COVID-19 mRNA vaccines","e44cfa5f-da35-4f0c-a156-9418548be628","publication","as_needed",1
"Thu Jul  1 00:45:35 2021","hc-sc","COVID-19 mRNA vaccines","e44cfa5f-da35-4f0c-a156-9418548be628","publication","as_needed",1
"Thu Jul  1 02:12:24 2021","hc-sc","COVID-19 mRNA vaccines","e44cfa5f-da35-4f0c-a156-9418548be628","publication","as_needed",1
"Thu Jul  1 02:42:31 2021","hc-sc","COVID-19 mRNA vaccines","e44cfa5f-da35-4f0c-a156-9418548be628","publication","as_needed",1
"Thu Jul  1 03:24:35 2021","hc-sc","COVID-19 mRNA vaccines","e44cfa5f-da35-4f0c-a156-9418548be628","publication","as_needed",1
"Thu Jul  1 04:29:22 2021","hc-sc","COVID-19 mRNA vaccines","e44cfa5f-da35-4f0c-a156-9418548be628","publication","as_needed",1
"Thu Jul  1 05:31:18 2021","hc-sc","COVID-19 mRNA vaccines","e44cfa5f-da35-4f0c-a156-9418548be628","publication","as_needed",1
"Thu Jul  1 06:26:27 2021","hc-sc","COVID-19 mRNA vaccines","e44cfa5f-da35-4f0c-a156-9418548be628","publication","as_needed",1
"Thu Jul  1 07:28:49 2021","hc-sc","COVID-19 mRNA vaccines","e44cfa5f-da35-4f0c-a156-9418548be628","publication","as_needed",1
"Thu Jul  1 08:23:26 2021","hc-sc","COVID-19 mRNA vaccines","e44cfa5f-da35-4f0c-a156-9418548be628","publication","as_needed",1
"Thu Jul  1 09:27:58 2021","hc-sc","COVID-19 mRNA vaccines","e44cfa5f-da35-4f0c-a156-9418548be628","publication","as_needed",1
"Thu Jul  1 10:25:49 2021","hc-sc","COVID-19 mRNA vaccines","e44cfa5f-da35-4f0c-a156-9418548be628","publication","as_needed",1
"Thu Jul  1 11:25:48 2021","hc-sc","COVID-19 mRNA vaccines","e44cfa5f-da35-4f0c-a156-9418548be628","publication","as_needed",1
"Thu Jul  1 12:34:53 2021","hc-sc","COVID-19 mRNA vaccines","e44cfa5f-da35-4f0c-a156-9418548be628","publication","as_needed",1
"Thu Jul  1 13:30:37 2021","hc-sc","COVID-19 mRNA vaccines","e44cfa5f-da35-4f0c-a156-9418548be628","publication","as_needed",1
"Thu Jul  1 14:26:30 2021","hc-sc","COVID-19 mRNA vaccines","e44cfa5f-da35-4f0c-a156-9418548be628","publication","as_needed",1
"Thu Jul  1 15:24:59 2021","hc-sc","COVID-19 mRNA vaccines","e44cfa5f-da35-4f0c-a156-9418548be628","publication","as_needed",1
"Thu Jul  1 16:29:42 2021","hc-sc","COVID-19 mRNA vaccines","e44cfa5f-da35-4f0c-a156-9418548be628","publication","as_needed",1
"Thu Jul  1 17:34:45 2021","hc-sc","COVID-19 mRNA vaccines","e44cfa5f-da35-4f0c-a156-9418548be628","publication","as_needed",1
"Thu Jul  1 18:29:51 2021","hc-sc","COVID-19 mRNA vaccines","e44cfa5f-da35-4f0c-a156-9418548be628","publication","as_needed",1
"Thu Jul  1 19:25:52 2021","hc-sc","COVID-19 mRNA vaccines","e44cfa5f-da35-4f0c-a156-9418548be628","publication","as_needed",1
"Thu Jul  1 20:28:20 2021","hc-sc","COVID-19 mRNA vaccines","e44cfa5f-da35-4f0c-a156-9418548be628","publication","as_needed",1
"Thu Jul  1 21:27:58 2021","hc-sc","COVID-19 mRNA vaccines","e44cfa5f-da35-4f0c-a156-9418548be628","publication","as_needed",1
"Thu Jul  1 22:27:59 2021","hc-sc","COVID-19 mRNA vaccines","e44cfa5f-da35-4f0c-a156-9418548be628","publication","as_needed",1
"Thu Jul  1 23:29:02 2021","hc-sc","COVID-19 mRNA vaccines","e44cfa5f-da35-4f0c-a156-9418548be628","publication","as_needed",1
"Fri Jul  2 00:44:52 2021","hc-sc","COVID-19 mRNA vaccines","e44cfa5f-da35-4f0c-a156-9418548be628","publication","as_needed",1
"Fri Jul  2 02:11:39 2021","hc-sc","COVID-19 mRNA vaccines","e44cfa5f-da35-4f0c-a156-9418548be628","publication","as_needed",1
"Fri Jul  2 02:36:55 2021","hc-sc","COVID-19 mRNA vaccines","e44cfa5f-da35-4f0c-a156-9418548be628","publication","as_needed",1
"Fri Jul  2 03:27:28 2021","hc-sc","COVID-19 mRNA vaccines","e44cfa5f-da35-4f0c-a156-9418548be628","publication","as_needed",1
"Fri Jul  2 04:26:20 2021","hc-sc","COVID-19 mRNA vaccines","e44cfa5f-da35-4f0c-a156-9418548be628","publication","as_needed",1
"Fri Jul  2 05:23:52 2021","hc-sc","COVID-19 mRNA vaccines","e44cfa5f-da35-4f0c-a156-9418548be628","publication","as_needed",1
"Fri Jul  2 06:28:19 2021","hc-sc","COVID-19 mRNA vaccines","e44cfa5f-da35-4f0c-a156-9418548be628","publication","as_needed",1
"Fri Jul  2 07:25:25 2021","hc-sc","COVID-19 mRNA vaccines","e44cfa5f-da35-4f0c-a156-9418548be628","publication","as_needed",1
"Fri Jul  2 08:27:32 2021","hc-sc","COVID-19 mRNA vaccines","e44cfa5f-da35-4f0c-a156-9418548be628","publication","as_needed",1
"Fri Jul  2 09:23:58 2021","hc-sc","COVID-19 mRNA vaccines","e44cfa5f-da35-4f0c-a156-9418548be628","publication","as_needed",1
"Fri Jul  2 10:31:15 2021","hc-sc","COVID-19 mRNA vaccines","e44cfa5f-da35-4f0c-a156-9418548be628","publication","as_needed",1
"Fri Jul  2 11:27:28 2021","hc-sc","COVID-19 mRNA vaccines","e44cfa5f-da35-4f0c-a156-9418548be628","publication","as_needed",1
"Fri Jul  2 12:31:26 2021","hc-sc","COVID-19 mRNA vaccines","e44cfa5f-da35-4f0c-a156-9418548be628","publication","as_needed",1
"Fri Jul  2 13:33:08 2021","cfia-acia","CFIA Undeclared Sulphites in Dried Tea - 2014-2015","7826ac71-593f-4d07-a418-1e048585804b","primary","not_planned",1
"Fri Jul  2 14:27:38 2021","cfia-acia","CFIA Undeclared Sulphites in Dried Tea - 2014-2015","7826ac71-593f-4d07-a418-1e048585804b","primary","not_planned",1
"Fri Jul  2 15:25:37 2021","cfia-acia","CFIA Undeclared Sulphites in Dried Tea - 2014-2015","7826ac71-593f-4d07-a418-1e048585804b","primary","not_planned",1
"Fri Jul  2 16:31:39 2021","cfia-acia","CFIA Undeclared Sulphites in Dried Tea - 2014-2015","7826ac71-593f-4d07-a418-1e048585804b","primary","not_planned",1
"Fri Jul  2 17:32:57 2021","cfia-acia","CFIA Undeclared Sulphites in Dried Tea - 2014-2015","7826ac71-593f-4d07-a418-1e048585804b","primary","not_planned",1
"Fri Jul  2 18:29:27 2021","cfia-acia","CFIA Undeclared Sulphites in Dried Tea - 2014-2015","7826ac71-593f-4d07-a418-1e048585804b","primary","not_planned",1
"Fri Jul  2 19:26:39 2021","cfia-acia","CFIA Undeclared Sulphites in Dried Tea - 2014-2015","7826ac71-593f-4d07-a418-1e048585804b","primary","not_planned",1
"Fri Jul  2 20:27:49 2021","cfia-acia","CFIA Undeclared Sulphites in Dried Tea - 2014-2015","7826ac71-593f-4d07-a418-1e048585804b","primary","not_planned",1
"Fri Jul  2 21:23:13 2021","cfia-acia","CFIA Undeclared Sulphites in Dried Tea - 2014-2015","7826ac71-593f-4d07-a418-1e048585804b","primary","not_planned",1
"Fri Jul  2 22:25:15 2021","cfia-acia","CFIA Undeclared Sulphites in Dried Tea - 2014-2015","7826ac71-593f-4d07-a418-1e048585804b","primary","not_planned",1
"Fri Jul  2 23:27:28 2021","cfia-acia","CFIA Undeclared Sulphites in Dried Tea - 2014-2015","7826ac71-593f-4d07-a418-1e048585804b","primary","not_planned",1
"Sat Jul  3 00:43:28 2021","cfia-acia","CFIA Undeclared Sulphites in Dried Tea - 2014-2015","7826ac71-593f-4d07-a418-1e048585804b","primary","not_planned",1
"Sat Jul  3 02:05:51 2021","cfia-acia","CFIA Undeclared Sulphites in Dried Tea - 2014-2015","7826ac71-593f-4d07-a418-1e048585804b","primary","not_planned",1
"Sat Jul  3 02:35:58 2021","cfia-acia","CFIA Undeclared Sulphites in Dried Tea - 2014-2015","7826ac71-593f-4d07-a418-1e048585804b","primary","not_planned",1
"Sat Jul  3 03:29:07 2021","cfia-acia","CFIA Undeclared Sulphites in Dried Tea - 2014-2015","7826ac71-593f-4d07-a418-1e048585804b","primary","not_planned",1
"Sat Jul  3 04:28:51 2021","cfia-acia","CFIA Undeclared Sulphites in Dried Tea - 2014-2015","7826ac71-593f-4d07-a418-1e048585804b","primary","not_planned",1
"Sat Jul  3 05:25:48 2021","cfia-acia","CFIA Undeclared Sulphites in Dried Tea - 2014-2015","7826ac71-593f-4d07-a418-1e048585804b","primary","not_planned",1
"Sat Jul  3 06:29:53 2021","cfia-acia","CFIA Undeclared Sulphites in Dried Tea - 2014-2015","7826ac71-593f-4d07-a418-1e048585804b","primary","not_planned",1
"Sat Jul  3 07:26:53 2021","cfia-acia","CFIA Undeclared Sulphites in Dried Tea - 2014-2015","7826ac71-593f-4d07-a418-1e048585804b","primary","not_planned",1
"Sat Jul  3 08:29:46 2021","cfia-acia","CFIA Undeclared Sulphites in Dried Tea - 2014-2015","7826ac71-593f-4d07-a418-1e048585804b","primary","not_planned",1
"Sat Jul  3 09:29:55 2021","cfia-acia","CFIA Undeclared Sulphites in Dried Tea - 2014-2015","7826ac71-593f-4d07-a418-1e048585804b","primary","not_planned",1
"Sat Jul  3 10:32:16 2021","cfia-acia","CFIA Undeclared Sulphites in Dried Tea - 2014-2015","7826ac71-593f-4d07-a418-1e048585804b","primary","not_planned",1
"Sat Jul  3 11:26:22 2021","cfia-acia","CFIA Undeclared Sulphites in Dried Tea - 2014-2015","7826ac71-593f-4d07-a418-1e048585804b","primary","not_planned",1
"Sat Jul  3 12:27:25 2021","cfia-acia","CFIA Undeclared Sulphites in Dried Tea - 2014-2015","7826ac71-593f-4d07-a418-1e048585804b","primary","not_planned",1
"Sat Jul  3 13:30:23 2021","cfia-acia","CFIA Undeclared Sulphites in Dried Tea - 2014-2015","7826ac71-593f-4d07-a418-1e048585804b","primary","not_planned",1
"Sat Jul  3 14:27:52 2021","cfia-acia","CFIA Undeclared Sulphites in Dried Tea - 2014-2015","7826ac71-593f-4d07-a418-1e048585804b","primary","not_planned",1
"Sat Jul  3 15:24:31 2021","cfia-acia","CFIA Undeclared Sulphites in Dried Tea - 2014-2015","7826ac71-593f-4d07-a418-1e048585804b","primary","not_planned",1
"Sat Jul  3 16:27:55 2021","cfia-acia","CFIA Undeclared Sulphites in Dried Tea - 2014-2015","7826ac71-593f-4d07-a418-1e048585804b","primary","not_planned",1
"Sat Jul  3 17:33:22 2021","cfia-acia","CFIA Undeclared Sulphites in Dried Tea - 2014-2015","7826ac71-593f-4d07-a418-1e048585804b","primary","not_planned",1
"Sat Jul  3 18:24:04 2021","cfia-acia","CFIA Undeclared Sulphites in Dried Tea - 2014-2015","7826ac71-593f-4d07-a418-1e048585804b","primary","not_planned",1
"Sat Jul  3 19:23:04 2021","cfia-acia","CFIA Undeclared Sulphites in Dried Tea - 2014-2015","7826ac71-593f-4d07-a418-1e048585804b","primary","not_planned",1
"Sat Jul  3 20:23:02 2021","cfia-acia","CFIA Undeclared Sulphites in Dried Tea - 2014-2015","7826ac71-593f-4d07-a418-1e048585804b","primary","not_planned",1
"Sat Jul  3 21:27:20 2021","cfia-acia","CFIA Undeclared Sulphites in Dried Tea - 2014-2015","7826ac71-593f-4d07-a418-1e048585804b","primary","not_planned",1
"Sat Jul  3 22:26:52 2021","cfia-acia","CFIA Undeclared Sulphites in Dried Tea - 2014-2015","7826ac71-593f-4d07-a418-1e048585804b","primary","not_planned",1
"Sat Jul  3 23:26:21 2021","cfia-acia","CFIA Undeclared Sulphites in Dried Tea - 2014-2015","7826ac71-593f-4d07-a418-1e048585804b","primary","not_planned",1
"Sun Jul  4 00:45:21 2021","cfia-acia","CFIA Undeclared Sulphites in Dried Tea - 2014-2015","7826ac71-593f-4d07-a418-1e048585804b","primary","not_planned",1
"Sun Jul  4 02:05:42 2021","cfia-acia","CFIA Undeclared Sulphites in Dried Tea - 2014-2015","7826ac71-593f-4d07-a418-1e048585804b","primary","not_planned",1
"Sun Jul  4 02:36:59 2021","cfia-acia","CFIA Undeclared Sulphites in Dried Tea - 2014-2015","7826ac71-593f-4d07-a418-1e048585804b","primary","not_planned",1
"Sun Jul  4 03:27:54 2021","cfia-acia","CFIA Undeclared Sulphites in Dried Tea - 2014-2015","7826ac71-593f-4d07-a418-1e048585804b","primary","not_planned",1
"Sun Jul  4 04:26:40 2021","cfia-acia","CFIA Undeclared Sulphites in Dried Tea - 2014-2015","7826ac71-593f-4d07-a418-1e048585804b","primary","not_planned",1
"Sun Jul  4 05:26:09 2021","cfia-acia","CFIA Undeclared Sulphites in Dried Tea - 2014-2015","7826ac71-593f-4d07-a418-1e048585804b","primary","not_planned",1
"Sun Jul  4 06:28:37 2021","cfia-acia","CFIA Undeclared Sulphites in Dried Tea - 2014-2015","7826ac71-593f-4d07-a418-1e048585804b","primary","not_planned",1
"Sun Jul  4 07:22:49 2021","cfia-acia","CFIA Undeclared Sulphites in Dried Tea - 2014-2015","7826ac71-593f-4d07-a418-1e048585804b","primary","not_planned",1
"Sun Jul  4 08:27:29 2021","cfia-acia","CFIA Undeclared Sulphites in Dried Tea - 2014-2015","7826ac71-593f-4d07-a418-1e048585804b","primary","not_planned",1
"Sun Jul  4 09:27:53 2021","cfia-acia","CFIA Undeclared Sulphites in Dried Tea - 2014-2015","7826ac71-593f-4d07-a418-1e048585804b","primary","not_planned",1
"Sun Jul  4 10:27:01 2021","cfia-acia","CFIA Undeclared Sulphites in Dried Tea - 2014-2015","7826ac71-593f-4d07-a418-1e048585804b","primary","not_planned",1
"Sun Jul  4 11:25:40 2021","cfia-acia","CFIA Undeclared Sulphites in Dried Tea - 2014-2015","7826ac71-593f-4d07-a418-1e048585804b","primary","not_planned",1
"Sun Jul  4 12:31:17 2021","cfia-acia","CFIA Undeclared Sulphites in Dried Tea - 2014-2015","7826ac71-593f-4d07-a418-1e048585804b","primary","not_planned",1
"Sun Jul  4 13:29:47 2021","cfia-acia","CFIA Undeclared Sulphites in Dried Tea - 2014-2015","7826ac71-593f-4d07-a418-1e048585804b","primary","not_planned",1
"Sun Jul  4 14:24:45 2021","cfia-acia","CFIA Undeclared Sulphites in Dried Tea - 2014-2015","7826ac71-593f-4d07-a418-1e048585804b","primary","not_planned",1
"Sun Jul  4 15:24:58 2021","cfia-acia","CFIA Undeclared Sulphites in Dried Tea - 2014-2015","7826ac71-593f-4d07-a418-1e048585804b","primary","not_planned",1
"Sun Jul  4 16:32:00 2021","cfia-acia","CFIA Undeclared Sulphites in Dried Tea - 2014-2015","7826ac71-593f-4d07-a418-1e048585804b","primary","not_planned",1
"Sun Jul  4 17:31:51 2021","cfia-acia","CFIA Undeclared Sulphites in Dried Tea - 2014-2015","7826ac71-593f-4d07-a418-1e048585804b","primary","not_planned",1
"Sun Jul  4 18:24:21 2021","cfia-acia","CFIA Undeclared Sulphites in Dried Tea - 2014-2015","7826ac71-593f-4d07-a418-1e048585804b","primary","not_planned",1
"Sun Jul  4 19:26:31 2021","cfia-acia","CFIA Undeclared Sulphites in Dried Tea - 2014-2015","7826ac71-593f-4d07-a418-1e048585804b","primary","not_planned",1
"Sun Jul  4 20:25:09 2021","cfia-acia","CFIA Undeclared Sulphites in Dried Tea - 2014-2015","7826ac71-593f-4d07-a418-1e048585804b","primary","not_planned",1
"Sun Jul  4 21:23:17 2021","cfia-acia","CFIA Undeclared Sulphites in Dried Tea - 2014-2015","7826ac71-593f-4d07-a418-1e048585804b","primary","not_planned",1
"Sun Jul  4 22:23:42 2021","cfia-acia","CFIA Undeclared Sulphites in Dried Tea - 2014-2015","7826ac71-593f-4d07-a418-1e048585804b","primary","not_planned",1
"Sun Jul  4 23:26:46 2021","cfia-acia","CFIA Undeclared Sulphites in Dried Tea - 2014-2015","7826ac71-593f-4d07-a418-1e048585804b","primary","not_planned",1
"Mon Jul  5 00:44:50 2021","cfia-acia","CFIA Undeclared Sulphites in Dried Tea - 2014-2015","7826ac71-593f-4d07-a418-1e048585804b","primary","not_planned",1
"Mon Jul  5 02:05:48 2021","cfia-acia","CFIA Undeclared Sulphites in Dried Tea - 2014-2015","7826ac71-593f-4d07-a418-1e048585804b","primary","not_planned",1
"Mon Jul  5 02:35:28 2021","cfia-acia","CFIA Undeclared Sulphites in Dried Tea - 2014-2015","7826ac71-593f-4d07-a418-1e048585804b","primary","not_planned",1
"Mon Jul  5 03:26:59 2021","cfia-acia","CFIA Undeclared Sulphites in Dried Tea - 2014-2015","7826ac71-593f-4d07-a418-1e048585804b","primary","not_planned",1
"Mon Jul  5 04:26:26 2021","cfia-acia","CFIA Undeclared Sulphites in Dried Tea - 2014-2015","7826ac71-593f-4d07-a418-1e048585804b","primary","not_planned",1
"Mon Jul  5 05:26:52 2021","cfia-acia","CFIA Undeclared Sulphites in Dried Tea - 2014-2015","7826ac71-593f-4d07-a418-1e048585804b","primary","not_planned",1
"Mon Jul  5 06:26:41 2021","cfia-acia","CFIA Undeclared Sulphites in Dried Tea - 2014-2015","7826ac71-593f-4d07-a418-1e048585804b","primary","not_planned",1
"Mon Jul  5 07:26:33 2021","cfia-acia","CFIA Undeclared Sulphites in Dried Tea - 2014-2015","7826ac71-593f-4d07-a418-1e048585804b","primary","not_planned",1
"Mon Jul  5 08:28:22 2021","cfia-acia","CFIA Undeclared Sulphites in Dried Tea - 2014-2015","7826ac71-593f-4d07-a418-1e048585804b","primary","not_planned",1
"Mon Jul  5 09:29:35 2021","cfia-acia","CFIA Undeclared Sulphites in Dried Tea - 2014-2015","7826ac71-593f-4d07-a418-1e048585804b","primary","not_planned",1
"Mon Jul  5 10:26:13 2021","cfia-acia","CFIA Undeclared Sulphites in Dried Tea - 2014-2015","7826ac71-593f-4d07-a418-1e048585804b","primary","not_planned",1
"Mon Jul  5 11:25:40 2021","cfia-acia","CFIA Undeclared Sulphites in Dried Tea - 2014-2015","7826ac71-593f-4d07-a418-1e048585804b","primary","not_planned",1
"Mon Jul  5 12:29:10 2021","cfia-acia","CFIA Undeclared Sulphites in Dried Tea - 2014-2015","7826ac71-593f-4d07-a418-1e048585804b","primary","not_planned",1
"Mon Jul  5 13:30:27 2021","cfia-acia","Children's Food Project - 2016 Data","94850076-10c7-43e1-9ee4-b4f602363e4b","primary","not_planned",1
"Mon Jul  5 14:27:13 2021","cfia-acia","Children's Food Project - 2016 Data","94850076-10c7-43e1-9ee4-b4f602363e4b","primary","not_planned",1
"Mon Jul  5 15:28:26 2021","cfia-acia","Children's Food Project - 2016 Data","94850076-10c7-43e1-9ee4-b4f602363e4b","primary","not_planned",1
"Mon Jul  5 16:27:20 2021","cfia-acia","Children's Food Project - 2016 Data","94850076-10c7-43e1-9ee4-b4f602363e4b","primary","not_planned",1
"Mon Jul  5 17:33:32 2021","tsb-bst","Air transportation safety investigation report A18A0085","37b5accf-987b-4a22-b670-7207d37a1b6c","publication","not_planned",1
"Mon Jul  5 18:30:58 2021","tsb-bst","Air transportation safety investigation report A18A0085","37b5accf-987b-4a22-b670-7207d37a1b6c","publication","not_planned",1
"Mon Jul  5 19:26:21 2021","tsb-bst","Air transportation safety investigation report A18A0085","37b5accf-987b-4a22-b670-7207d37a1b6c","publication","not_planned",1
"Mon Jul  5 20:26:04 2021","tsb-bst","Air transportation safety investigation report A18A0085","37b5accf-987b-4a22-b670-7207d37a1b6c","publication","not_planned",1
"Mon Jul  5 21:23:45 2021","aafc-aac","backup - do not publish Agri-Environmental Indicator (AEI) - Risk of Soil Salinization (RSS)","b3993073-a0b7-4405-b196-290baa38ee96","fgp","not_planned",1
"Mon Jul  5 22:23:44 2021","aafc-aac","NAIS Daily Weather Station Table","2ac87744-928b-4fd7-aa8e-48225f408b67","fgp","P1D",1
"Mon Jul  5 23:23:54 2021","aafc-aac","NAIS Daily Weather Station Table","2ac87744-928b-4fd7-aa8e-48225f408b67","fgp","P1D",1
"Tue Jul  6 00:45:21 2021","aafc-aac","NAIS Daily Weather Station Table","2ac87744-928b-4fd7-aa8e-48225f408b67","fgp","P1D",1
"Tue Jul  6 02:08:26 2021","aafc-aac","NAIS Daily Weather Station Table","2ac87744-928b-4fd7-aa8e-48225f408b67","fgp","P1D",1
"Tue Jul  6 02:38:11 2021","aafc-aac","NAIS Daily Weather Station Table","2ac87744-928b-4fd7-aa8e-48225f408b67","fgp","P1D",1
"Tue Jul  6 03:30:21 2021","aafc-aac","NAIS Daily Weather Station Table","2ac87744-928b-4fd7-aa8e-48225f408b67","fgp","P1D",1
"Tue Jul  6 04:26:15 2021","aafc-aac","NAIS Daily Weather Station Table","2ac87744-928b-4fd7-aa8e-48225f408b67","fgp","P1D",1
"Tue Jul  6 05:22:46 2021","aafc-aac","NAIS Daily Weather Station Table","2ac87744-928b-4fd7-aa8e-48225f408b67","fgp","P1D",1
"Tue Jul  6 06:31:03 2021","aafc-aac","NAIS Daily Weather Station Table","2ac87744-928b-4fd7-aa8e-48225f408b67","fgp","P1D",1
"Tue Jul  6 07:22:52 2021","aafc-aac","NAIS Daily Weather Station Table","2ac87744-928b-4fd7-aa8e-48225f408b67","fgp","P1D",1
"Tue Jul  6 08:24:30 2021","aafc-aac","NAIS Daily Weather Station Table","2ac87744-928b-4fd7-aa8e-48225f408b67","fgp","P1D",1
"Tue Jul  6 09:29:26 2021","aafc-aac","NAIS Daily Weather Station Table","2ac87744-928b-4fd7-aa8e-48225f408b67","fgp","P1D",1
"Tue Jul  6 10:24:57 2021","aafc-aac","NAIS Daily Weather Station Table","2ac87744-928b-4fd7-aa8e-48225f408b67","fgp","P1D",1
"Tue Jul  6 11:23:44 2021","aafc-aac","NAIS Daily Weather Station Table","2ac87744-928b-4fd7-aa8e-48225f408b67","fgp","P1D",1
"Tue Jul  6 12:33:01 2021","aafc-aac","NAIS Daily Weather Station Table","2ac87744-928b-4fd7-aa8e-48225f408b67","fgp","P1D",1
"Tue Jul  6 13:35:02 2021","statcan","SARS-CoV-2 antibody seroprevalence in Canadians, by age group and sex, November 2020 to April 2021","9a20c1f2-7982-4155-bb3d-5c0686891e79","primary","as_needed",1
"Tue Jul  6 14:26:32 2021","statcan","SARS-CoV-2 antibody seroprevalence in Canadians, by age group and sex, November 2020 to April 2021","9a20c1f2-7982-4155-bb3d-5c0686891e79","primary","as_needed",1
"Tue Jul  6 15:27:32 2021","statcan","SARS-CoV-2 antibody seroprevalence in Canadians, by age group and sex, November 2020 to April 2021","9a20c1f2-7982-4155-bb3d-5c0686891e79","primary","as_needed",1
"Tue Jul  6 16:28:42 2021","phac-aspc","Appearance before the Standing Committee on Public Safety and National Security","50ab214d-5778-4dac-9514-26deb2a7764b","parliament_committee_deputy","as_needed",1
"Tue Jul  6 17:35:16 2021","phac-aspc","Appearance before the Standing Committee on Public Safety and National Security","50ab214d-5778-4dac-9514-26deb2a7764b","parliament_committee_deputy","as_needed",1
"Tue Jul  6 18:30:08 2021","phac-aspc","Appearance before the Standing Committee on Public Safety and National Security","50ab214d-5778-4dac-9514-26deb2a7764b","parliament_committee_deputy","as_needed",1
"Tue Jul  6 19:25:09 2021","phac-aspc","Appearance before the Standing Committee on Public Safety and National Security","50ab214d-5778-4dac-9514-26deb2a7764b","parliament_committee_deputy","as_needed",1
"Tue Jul  6 20:24:27 2021","phac-aspc","Appearance before the Standing Committee on Public Safety and National Security","50ab214d-5778-4dac-9514-26deb2a7764b","parliament_committee_deputy","as_needed",1
"Tue Jul  6 21:27:28 2021","phac-aspc","Appearance before the Standing Committee on Public Safety and National Security","50ab214d-5778-4dac-9514-26deb2a7764b","parliament_committee_deputy","as_needed",1
"Tue Jul  6 22:26:49 2021","phac-aspc","Appearance before the Standing Committee on Public Safety and National Security","50ab214d-5778-4dac-9514-26deb2a7764b","parliament_committee_deputy","as_needed",1
"Tue Jul  6 23:24:46 2021","phac-aspc","Appearance before the Standing Committee on Public Safety and National Security","50ab214d-5778-4dac-9514-26deb2a7764b","parliament_committee_deputy","as_needed",1
"Wed Jul  7 00:46:04 2021","phac-aspc","Appearance before the Standing Committee on Public Safety and National Security","50ab214d-5778-4dac-9514-26deb2a7764b","parliament_committee_deputy","as_needed",1
"Wed Jul  7 02:13:54 2021","phac-aspc","Appearance before the Standing Committee on Public Safety and National Security","50ab214d-5778-4dac-9514-26deb2a7764b","parliament_committee_deputy","as_needed",1
"Wed Jul  7 02:39:16 2021","phac-aspc","Appearance before the Standing Committee on Public Safety and National Security","50ab214d-5778-4dac-9514-26deb2a7764b","parliament_committee_deputy","as_needed",1
"Wed Jul  7 03:28:52 2021","phac-aspc","Appearance before the Standing Committee on Public Safety and National Security","50ab214d-5778-4dac-9514-26deb2a7764b","parliament_committee_deputy","as_needed",1
"Wed Jul  7 04:29:12 2021","phac-aspc","Appearance before the Standing Committee on Public Safety and National Security","50ab214d-5778-4dac-9514-26deb2a7764b","parliament_committee_deputy","as_needed",1
"Wed Jul  7 05:23:30 2021","phac-aspc","Appearance before the Standing Committee on Public Safety and National Security","50ab214d-5778-4dac-9514-26deb2a7764b","parliament_committee_deputy","as_needed",1
"Wed Jul  7 06:28:14 2021","phac-aspc","Appearance before the Standing Committee on Public Safety and National Security","50ab214d-5778-4dac-9514-26deb2a7764b","parliament_committee_deputy","as_needed",1
"Wed Jul  7 07:28:27 2021","phac-aspc","Appearance before the Standing Committee on Public Safety and National Security","50ab214d-5778-4dac-9514-26deb2a7764b","parliament_committee_deputy","as_needed",1
"Wed Jul  7 08:29:42 2021","phac-aspc","Appearance before the Standing Committee on Public Safety and National Security","50ab214d-5778-4dac-9514-26deb2a7764b","parliament_committee_deputy","as_needed",1
"Wed Jul  7 09:29:55 2021","phac-aspc","Appearance before the Standing Committee on Public Safety and National Security","50ab214d-5778-4dac-9514-26deb2a7764b","parliament_committee_deputy","as_needed",1
"Wed Jul  7 10:24:58 2021","phac-aspc","Appearance before the Standing Committee on Public Safety and National Security","50ab214d-5778-4dac-9514-26deb2a7764b","parliament_committee_deputy","as_needed",1
"Wed Jul  7 11:23:07 2021","phac-aspc","Appearance before the Standing Committee on Public Safety and National Security","50ab214d-5778-4dac-9514-26deb2a7764b","parliament_committee_deputy","as_needed",1
"Wed Jul  7 12:31:20 2021","phac-aspc","Appearance before the Standing Committee on Public Safety and National Security","50ab214d-5778-4dac-9514-26deb2a7764b","parliament_committee_deputy","as_needed",1
"Wed Jul  7 13:31:36 2021","statcan","Renewable fuel plant statistics, supply and disposition, monthly","3203b8f9-717a-4a5e-a390-28b077af3efa","primary","P1M",1
"Wed Jul  7 14:26:19 2021","statcan","Renewable fuel plant statistics, supply and disposition, monthly","3203b8f9-717a-4a5e-a390-28b077af3efa","primary","P1M",1
"Wed Jul  7 15:32:35 2021","statcan","Renewable fuel plant statistics, supply and disposition, monthly","3203b8f9-717a-4a5e-a390-28b077af3efa","primary","P1M",1
"Wed Jul  7 16:34:56 2021","hc-sc","Good manufacturing practices guide for drug products (GUI-0001) - Summary","03ad7152-47b1-4319-a89b-414c0e0c6f7c","publication","as_needed",1
"Wed Jul  7 17:44:53 2021","hc-sc","Guidance Document for Industry - Review of Drug Brand Names","cc05fc59-b643-40e2-9a29-e9809eebb894","publication","as_needed",1
"Wed Jul  7 18:26:06 2021","hc-sc","Guidance Document for Industry - Review of Drug Brand Names","cc05fc59-b643-40e2-9a29-e9809eebb894","publication","as_needed",1
"Wed Jul  7 19:27:16 2021","hc-sc","Guidance Document for Industry - Review of Drug Brand Names","cc05fc59-b643-40e2-9a29-e9809eebb894","publication","as_needed",1
"Wed Jul  7 21:25:07 2021","pch","Appearance by the Honourable Steven Guilbeault before the Standing Committee on Canadian Heritage, study of Bill C-10, An Act to amend the Broadcasting Act and to make related and consequential amendments to other Acts","85f443e9-454d-481c-88f5-b6df7e2b1c44","parliament_committee","as_needed",1
"Wed Jul  7 22:25:58 2021","pch","Appearance by the Honourable Steven Guilbeault before the Standing Committee on Canadian Heritage, study of Bill C-10, An Act to amend the Broadcasting Act and to make related and consequential amendments to other Acts","85f443e9-454d-481c-88f5-b6df7e2b1c44","parliament_committee","as_needed",1
"Wed Jul  7 23:26:16 2021","pch","Appearance by the Honourable Steven Guilbeault before the Standing Committee on Canadian Heritage, study of Bill C-10, An Act to amend the Broadcasting Act and to make related and consequential amendments to other Acts","85f443e9-454d-481c-88f5-b6df7e2b1c44","parliament_committee","as_needed",1
"Thu Jul  8 00:41:33 2021","pch","Appearance by the Honourable Steven Guilbeault before the Standing Committee on Canadian Heritage, study of Bill C-10, An Act to amend the Broadcasting Act and to make related and consequential amendments to other Acts","85f443e9-454d-481c-88f5-b6df7e2b1c44","parliament_committee","as_needed",1
"Thu Jul  8 02:14:06 2021","pch","Appearance by the Honourable Steven Guilbeault before the Standing Committee on Canadian Heritage, study of Bill C-10, An Act to amend the Broadcasting Act and to make related and consequential amendments to other Acts","85f443e9-454d-481c-88f5-b6df7e2b1c44","parliament_committee","as_needed",1
"Thu Jul  8 02:40:33 2021","pch","Appearance by the Honourable Steven Guilbeault before the Standing Committee on Canadian Heritage, study of Bill C-10, An Act to amend the Broadcasting Act and to make related and consequential amendments to other Acts","85f443e9-454d-481c-88f5-b6df7e2b1c44","parliament_committee","as_needed",1
"Thu Jul  8 03:25:53 2021","pch","Appearance by the Honourable Steven Guilbeault before the Standing Committee on Canadian Heritage, study of Bill C-10, An Act to amend the Broadcasting Act and to make related and consequential amendments to other Acts","85f443e9-454d-481c-88f5-b6df7e2b1c44","parliament_committee","as_needed",1
"Thu Jul  8 04:25:32 2021","pch","Appearance by the Honourable Steven Guilbeault before the Standing Committee on Canadian Heritage, study of Bill C-10, An Act to amend the Broadcasting Act and to make related and consequential amendments to other Acts","85f443e9-454d-481c-88f5-b6df7e2b1c44","parliament_committee","as_needed",1
"Thu Jul  8 05:26:28 2021","pch","Appearance by the Honourable Steven Guilbeault before the Standing Committee on Canadian Heritage, study of Bill C-10, An Act to amend the Broadcasting Act and to make related and consequential amendments to other Acts","85f443e9-454d-481c-88f5-b6df7e2b1c44","parliament_committee","as_needed",1
"Thu Jul  8 06:28:02 2021","pch","Appearance by the Honourable Steven Guilbeault before the Standing Committee on Canadian Heritage, study of Bill C-10, An Act to amend the Broadcasting Act and to make related and consequential amendments to other Acts","85f443e9-454d-481c-88f5-b6df7e2b1c44","parliament_committee","as_needed",1
"Thu Jul  8 07:23:35 2021","pch","Appearance by the Honourable Steven Guilbeault before the Standing Committee on Canadian Heritage, study of Bill C-10, An Act to amend the Broadcasting Act and to make related and consequential amendments to other Acts","85f443e9-454d-481c-88f5-b6df7e2b1c44","parliament_committee","as_needed",1
"Thu Jul  8 08:26:33 2021","pch","Appearance by the Honourable Steven Guilbeault before the Standing Committee on Canadian Heritage, study of Bill C-10, An Act to amend the Broadcasting Act and to make related and consequential amendments to other Acts","85f443e9-454d-481c-88f5-b6df7e2b1c44","parliament_committee","as_needed",1
"Thu Jul  8 09:25:31 2021","pch","Appearance by the Honourable Steven Guilbeault before the Standing Committee on Canadian Heritage, study of Bill C-10, An Act to amend the Broadcasting Act and to make related and consequential amendments to other Acts","85f443e9-454d-481c-88f5-b6df7e2b1c44","parliament_committee","as_needed",1
"Thu Jul  8 10:25:30 2021","pch","Appearance by the Honourable Steven Guilbeault before the Standing Committee on Canadian Heritage, study of Bill C-10, An Act to amend the Broadcasting Act and to make related and consequential amendments to other Acts","85f443e9-454d-481c-88f5-b6df7e2b1c44","parliament_committee","as_needed",1
"Thu Jul  8 11:22:56 2021","pch","Appearance by the Honourable Steven Guilbeault before the Standing Committee on Canadian Heritage, study of Bill C-10, An Act to amend the Broadcasting Act and to make related and consequential amendments to other Acts","85f443e9-454d-481c-88f5-b6df7e2b1c44","parliament_committee","as_needed",1
"Thu Jul  8 12:30:17 2021","pch","Appearance by the Honourable Steven Guilbeault before the Standing Committee on Canadian Heritage, study of Bill C-10, An Act to amend the Broadcasting Act and to make related and consequential amendments to other Acts","85f443e9-454d-481c-88f5-b6df7e2b1c44","parliament_committee","as_needed",1
"Thu Jul  8 13:39:09 2021","hc-sc","Notice: Submission Filing Recommendations for Veterinary Drugs - Good Manufacturing Practices and Drug Establishment Licences","4e58bbef-6fc6-457e-957b-3018105b7892","publication","as_needed",1
"Thu Jul  8 14:26:42 2021","hc-sc","Notice: Submission Filing Recommendations for Veterinary Drugs - Good Manufacturing Practices and Drug Establishment Licences","4e58bbef-6fc6-457e-957b-3018105b7892","publication","as_needed",1
"Thu Jul  8 15:29:17 2021","hc-sc","Notice: Submission Filing Recommendations for Veterinary Drugs - Good Manufacturing Practices and Drug Establishment Licences","4e58bbef-6fc6-457e-957b-3018105b7892","publication","as_needed",1
"Thu Jul  8 16:35:58 2021","hc-sc","Notice: Submission Filing Recommendations for Veterinary Drugs - Good Manufacturing Practices and Drug Establishment Licences","4e58bbef-6fc6-457e-957b-3018105b7892","publication","as_needed",1
"Thu Jul  8 17:39:28 2021","hc-sc","Notice: Submission Filing Recommendations for Veterinary Drugs - Good Manufacturing Practices and Drug Establishment Licences","4e58bbef-6fc6-457e-957b-3018105b7892","publication","as_needed",1
"Thu Jul  8 18:25:39 2021","aafc-aac","DanPo_26091_X","b1bd59d0-d171-47e0-bfd4-742bd5c23875","fgp","not_planned",1
"Thu Jul  8 19:28:12 2021","pwgsc-tpsgc","Guarantees provided by the Government as per the Public Accounts of Canada ","5e3887f0-3b50-49ec-8377-116d79882316","primary","P1Y",1
"Thu Jul  8 20:25:03 2021","pwgsc-tpsgc","Guarantees provided by the Government as per the Public Accounts of Canada ","5e3887f0-3b50-49ec-8377-116d79882316","primary","P1Y",1
"Thu Jul  8 21:25:12 2021","pwgsc-tpsgc","Guarantees provided by the Government as per the Public Accounts of Canada ","5e3887f0-3b50-49ec-8377-116d79882316","primary","P1Y",1
"Thu Jul  8 22:28:02 2021","pwgsc-tpsgc","Guarantees provided by the Government as per the Public Accounts of Canada ","5e3887f0-3b50-49ec-8377-116d79882316","primary","P1Y",1
"Thu Jul  8 23:27:15 2021","pwgsc-tpsgc","Guarantees provided by the Government as per the Public Accounts of Canada ","5e3887f0-3b50-49ec-8377-116d79882316","primary","P1Y",1
"Fri Jul  9 00:45:30 2021","pwgsc-tpsgc","Guarantees provided by the Government as per the Public Accounts of Canada ","5e3887f0-3b50-49ec-8377-116d79882316","primary","P1Y",1
"Fri Jul  9 02:13:19 2021","pwgsc-tpsgc","Guarantees provided by the Government as per the Public Accounts of Canada ","5e3887f0-3b50-49ec-8377-116d79882316","primary","P1Y",1
"Fri Jul  9 02:38:40 2021","pwgsc-tpsgc","Guarantees provided by the Government as per the Public Accounts of Canada ","5e3887f0-3b50-49ec-8377-116d79882316","primary","P1Y",1
"Fri Jul  9 03:24:07 2021","pwgsc-tpsgc","Guarantees provided by the Government as per the Public Accounts of Canada ","5e3887f0-3b50-49ec-8377-116d79882316","primary","P1Y",1
"Fri Jul  9 04:29:48 2021","pwgsc-tpsgc","Guarantees provided by the Government as per the Public Accounts of Canada ","5e3887f0-3b50-49ec-8377-116d79882316","primary","P1Y",1
"Fri Jul  9 05:22:40 2021","pwgsc-tpsgc","Guarantees provided by the Government as per the Public Accounts of Canada ","5e3887f0-3b50-49ec-8377-116d79882316","primary","P1Y",1
"Fri Jul  9 06:30:52 2021","pwgsc-tpsgc","Guarantees provided by the Government as per the Public Accounts of Canada ","5e3887f0-3b50-49ec-8377-116d79882316","primary","P1Y",1
"Fri Jul  9 07:27:56 2021","pwgsc-tpsgc","Guarantees provided by the Government as per the Public Accounts of Canada ","5e3887f0-3b50-49ec-8377-116d79882316","primary","P1Y",1
"Fri Jul  9 08:27:29 2021","pwgsc-tpsgc","Guarantees provided by the Government as per the Public Accounts of Canada ","5e3887f0-3b50-49ec-8377-116d79882316","primary","P1Y",1
"Fri Jul  9 09:25:15 2021","pwgsc-tpsgc","Guarantees provided by the Government as per the Public Accounts of Canada ","5e3887f0-3b50-49ec-8377-116d79882316","primary","P1Y",1
"Fri Jul  9 10:25:53 2021","pwgsc-tpsgc","Guarantees provided by the Government as per the Public Accounts of Canada ","5e3887f0-3b50-49ec-8377-116d79882316","primary","P1Y",1
"Fri Jul  9 11:22:46 2021","pwgsc-tpsgc","Guarantees provided by the Government as per the Public Accounts of Canada ","5e3887f0-3b50-49ec-8377-116d79882316","primary","P1Y",1
"Fri Jul  9 12:27:44 2021","pwgsc-tpsgc","Guarantees provided by the Government as per the Public Accounts of Canada ","5e3887f0-3b50-49ec-8377-116d79882316","primary","P1Y",1
"Fri Jul  9 13:30:30 2021","pwgsc-tpsgc","Guarantees provided by the Government as per the Public Accounts of Canada ","5e3887f0-3b50-49ec-8377-116d79882316","primary","P1Y",1
"Fri Jul  9 14:24:34 2021","pwgsc-tpsgc","Guarantees provided by the Government as per the Public Accounts of Canada ","5e3887f0-3b50-49ec-8377-116d79882316","primary","P1Y",1
"Fri Jul  9 15:24:54 2021","pwgsc-tpsgc","Guarantees provided by the Government as per the Public Accounts of Canada ","5e3887f0-3b50-49ec-8377-116d79882316","primary","P1Y",1
"Fri Jul  9 16:33:41 2021","pwgsc-tpsgc","Guarantees provided by the Government as per the Public Accounts of Canada ","5e3887f0-3b50-49ec-8377-116d79882316","primary","P1Y",1
"Fri Jul  9 17:34:15 2021","pwgsc-tpsgc","Guarantees provided by the Government as per the Public Accounts of Canada ","5e3887f0-3b50-49ec-8377-116d79882316","primary","P1Y",1
"Fri Jul  9 18:26:40 2021","pwgsc-tpsgc","Guarantees provided by the Government as per the Public Accounts of Canada ","5e3887f0-3b50-49ec-8377-116d79882316","primary","P1Y",1
"Fri Jul  9 19:20:34 2021","pc","Alpine Terrestrial Birds - Glacier","c522329f-5d67-487b-a419-1db204821725","primary","as_needed",1
"Fri Jul  9 20:27:14 2021","pc","Alpine Terrestrial Birds - Glacier","c522329f-5d67-487b-a419-1db204821725","primary","as_needed",1
"Fri Jul  9 21:24:13 2021","pc","Alpine Terrestrial Birds - Glacier","c522329f-5d67-487b-a419-1db204821725","primary","as_needed",1
"Fri Jul  9 22:24:02 2021","pc","Alpine Terrestrial Birds - Glacier","c522329f-5d67-487b-a419-1db204821725","primary","as_needed",1
"Fri Jul  9 23:26:32 2021","pc","Alpine Terrestrial Birds - Glacier","c522329f-5d67-487b-a419-1db204821725","primary","as_needed",1
"Sat Jul 10 00:45:28 2021","pc","Alpine Terrestrial Birds - Glacier","c522329f-5d67-487b-a419-1db204821725","primary","as_needed",1
"Sat Jul 10 02:07:51 2021","pc","Alpine Terrestrial Birds - Glacier","c522329f-5d67-487b-a419-1db204821725","primary","as_needed",1
"Sat Jul 10 02:40:06 2021","pc","Alpine Terrestrial Birds - Glacier","c522329f-5d67-487b-a419-1db204821725","primary","as_needed",1
"Sat Jul 10 03:25:00 2021","pc","Alpine Terrestrial Birds - Glacier","c522329f-5d67-487b-a419-1db204821725","primary","as_needed",1
"Sat Jul 10 04:26:36 2021","pc","Alpine Terrestrial Birds - Glacier","c522329f-5d67-487b-a419-1db204821725","primary","as_needed",1
"Sat Jul 10 05:27:37 2021","pc","Alpine Terrestrial Birds - Glacier","c522329f-5d67-487b-a419-1db204821725","primary","as_needed",1
"Sat Jul 10 06:29:27 2021","pc","Alpine Terrestrial Birds - Glacier","c522329f-5d67-487b-a419-1db204821725","primary","as_needed",1
"Sat Jul 10 07:24:00 2021","pc","Alpine Terrestrial Birds - Glacier","c522329f-5d67-487b-a419-1db204821725","primary","as_needed",1
"Sat Jul 10 08:26:03 2021","pc","Alpine Terrestrial Birds - Glacier","c522329f-5d67-487b-a419-1db204821725","primary","as_needed",1
"Sat Jul 10 09:24:11 2021","pc","Alpine Terrestrial Birds - Glacier","c522329f-5d67-487b-a419-1db204821725","primary","as_needed",1
"Sat Jul 10 10:26:08 2021","pc","Alpine Terrestrial Birds - Glacier","c522329f-5d67-487b-a419-1db204821725","primary","as_needed",1
"Sat Jul 10 11:25:06 2021","pc","Alpine Terrestrial Birds - Glacier","c522329f-5d67-487b-a419-1db204821725","primary","as_needed",1
"Sat Jul 10 12:32:09 2021","pc","Alpine Terrestrial Birds - Glacier","c522329f-5d67-487b-a419-1db204821725","primary","as_needed",1
"Sat Jul 10 13:28:08 2021","pc","Alpine Terrestrial Birds - Glacier","c522329f-5d67-487b-a419-1db204821725","primary","as_needed",1
"Sat Jul 10 14:22:36 2021","pc","Alpine Terrestrial Birds - Glacier","c522329f-5d67-487b-a419-1db204821725","primary","as_needed",1
"Sat Jul 10 15:26:11 2021","pc","Alpine Terrestrial Birds - Glacier","c522329f-5d67-487b-a419-1db204821725","primary","as_needed",1
"Sat Jul 10 16:30:34 2021","pc","Alpine Terrestrial Birds - Glacier","c522329f-5d67-487b-a419-1db204821725","primary","as_needed",1
"Sat Jul 10 17:31:46 2021","pc","Alpine Terrestrial Birds - Glacier","c522329f-5d67-487b-a419-1db204821725","primary","as_needed",1
"Sat Jul 10 18:26:08 2021","pc","Alpine Terrestrial Birds - Glacier","c522329f-5d67-487b-a419-1db204821725","primary","as_needed",1
"Sat Jul 10 19:23:40 2021","pc","Alpine Terrestrial Birds - Glacier","c522329f-5d67-487b-a419-1db204821725","primary","as_needed",1
"Sat Jul 10 20:27:27 2021","pc","Alpine Terrestrial Birds - Glacier","c522329f-5d67-487b-a419-1db204821725","primary","as_needed",1
"Sat Jul 10 21:23:24 2021","pc","Alpine Terrestrial Birds - Glacier","c522329f-5d67-487b-a419-1db204821725","primary","as_needed",1
"Sat Jul 10 22:23:51 2021","pc","Alpine Terrestrial Birds - Glacier","c522329f-5d67-487b-a419-1db204821725","primary","as_needed",1
"Sat Jul 10 23:27:03 2021","pc","Alpine Terrestrial Birds - Glacier","c522329f-5d67-487b-a419-1db204821725","primary","as_needed",1
"Sun Jul 11 00:49:11 2021","pc","Alpine Terrestrial Birds - Glacier","c522329f-5d67-487b-a419-1db204821725","primary","as_needed",1
"Sun Jul 11 02:10:55 2021","pc","Alpine Terrestrial Birds - Glacier","c522329f-5d67-487b-a419-1db204821725","primary","as_needed",1
"Sun Jul 11 02:39:04 2021","pc","Alpine Terrestrial Birds - Glacier","c522329f-5d67-487b-a419-1db204821725","primary","as_needed",1
"Sun Jul 11 03:27:30 2021","pc","Alpine Terrestrial Birds - Glacier","c522329f-5d67-487b-a419-1db204821725","primary","as_needed",1
"Sun Jul 11 04:32:03 2021","pc","Alpine Terrestrial Birds - Glacier","c522329f-5d67-487b-a419-1db204821725","primary","as_needed",1
"Sun Jul 11 05:23:42 2021","pc","Alpine Terrestrial Birds - Glacier","c522329f-5d67-487b-a419-1db204821725","primary","as_needed",1
"Sun Jul 11 06:28:44 2021","pc","Alpine Terrestrial Birds - Glacier","c522329f-5d67-487b-a419-1db204821725","primary","as_needed",1
"Sun Jul 11 07:28:35 2021","pc","Alpine Terrestrial Birds - Glacier","c522329f-5d67-487b-a419-1db204821725","primary","as_needed",1
"Sun Jul 11 08:27:44 2021","pc","Alpine Terrestrial Birds - Glacier","c522329f-5d67-487b-a419-1db204821725","primary","as_needed",1
"Sun Jul 11 09:27:36 2021","pc","Alpine Terrestrial Birds - Glacier","c522329f-5d67-487b-a419-1db204821725","primary","as_needed",1
"Sun Jul 11 10:24:04 2021","pc","Alpine Terrestrial Birds - Glacier","c522329f-5d67-487b-a419-1db204821725","primary","as_needed",1
"Sun Jul 11 11:27:28 2021","pc","Alpine Terrestrial Birds - Glacier","c522329f-5d67-487b-a419-1db204821725","primary","as_needed",1
"Sun Jul 11 12:30:49 2021","pc","Alpine Terrestrial Birds - Glacier","c522329f-5d67-487b-a419-1db204821725","primary","as_needed",1
"Sun Jul 11 13:27:47 2021","pc","Alpine Terrestrial Birds - Glacier","c522329f-5d67-487b-a419-1db204821725","primary","as_needed",1
"Sun Jul 11 14:24:05 2021","pc","Alpine Terrestrial Birds - Glacier","c522329f-5d67-487b-a419-1db204821725","primary","as_needed",1
"Sun Jul 11 15:26:18 2021","pc","Alpine Terrestrial Birds - Glacier","c522329f-5d67-487b-a419-1db204821725","primary","as_needed",1
"Sun Jul 11 16:30:03 2021","pc","Alpine Terrestrial Birds - Glacier","c522329f-5d67-487b-a419-1db204821725","primary","as_needed",1
"Sun Jul 11 17:32:34 2021","pc","Alpine Terrestrial Birds - Glacier","c522329f-5d67-487b-a419-1db204821725","primary","as_needed",1
"Sun Jul 11 18:26:01 2021","pc","Alpine Terrestrial Birds - Glacier","c522329f-5d67-487b-a419-1db204821725","primary","as_needed",1
"Sun Jul 11 19:24:35 2021","pc","Alpine Terrestrial Birds - Glacier","c522329f-5d67-487b-a419-1db204821725","primary","as_needed",1
"Sun Jul 11 20:26:56 2021","pc","Alpine Terrestrial Birds - Glacier","c522329f-5d67-487b-a419-1db204821725","primary","as_needed",1
"Sun Jul 11 21:28:05 2021","pc","Alpine Terrestrial Birds - Glacier","c522329f-5d67-487b-a419-1db204821725","primary","as_needed",1
"Sun Jul 11 22:23:15 2021","pc","Alpine Terrestrial Birds - Glacier","c522329f-5d67-487b-a419-1db204821725","primary","as_needed",1
"Sun Jul 11 23:28:57 2021","pc","Alpine Terrestrial Birds - Glacier","c522329f-5d67-487b-a419-1db204821725","primary","as_needed",1
"Mon Jul 12 00:44:16 2021","pc","Alpine Terrestrial Birds - Glacier","c522329f-5d67-487b-a419-1db204821725","primary","as_needed",1
"Mon Jul 12 02:08:08 2021","pc","Alpine Terrestrial Birds - Glacier","c522329f-5d67-487b-a419-1db204821725","primary","as_needed",1
"Mon Jul 12 02:37:26 2021","pc","Alpine Terrestrial Birds - Glacier","c522329f-5d67-487b-a419-1db204821725","primary","as_needed",1
"Mon Jul 12 03:27:45 2021","pc","Alpine Terrestrial Birds - Glacier","c522329f-5d67-487b-a419-1db204821725","primary","as_needed",1
"Mon Jul 12 04:27:21 2021","pc","Alpine Terrestrial Birds - Glacier","c522329f-5d67-487b-a419-1db204821725","primary","as_needed",1
"Mon Jul 12 05:22:39 2021","pc","Alpine Terrestrial Birds - Glacier","c522329f-5d67-487b-a419-1db204821725","primary","as_needed",1
"Mon Jul 12 06:29:24 2021","pc","Alpine Terrestrial Birds - Glacier","c522329f-5d67-487b-a419-1db204821725","primary","as_needed",1
"Mon Jul 12 07:25:38 2021","pc","Alpine Terrestrial Birds - Glacier","c522329f-5d67-487b-a419-1db204821725","primary","as_needed",1
"Mon Jul 12 08:26:39 2021","pc","Alpine Terrestrial Birds - Glacier","c522329f-5d67-487b-a419-1db204821725","primary","as_needed",1
"Mon Jul 12 09:24:53 2021","pc","Alpine Terrestrial Birds - Glacier","c522329f-5d67-487b-a419-1db204821725","primary","as_needed",1
"Mon Jul 12 10:28:12 2021","pc","Alpine Terrestrial Birds - Glacier","c522329f-5d67-487b-a419-1db204821725","primary","as_needed",1
"Mon Jul 12 11:27:28 2021","pc","Alpine Terrestrial Birds - Glacier","c522329f-5d67-487b-a419-1db204821725","primary","as_needed",1
"Mon Jul 12 12:33:04 2021","hc-sc","Standing Committee on Health (HESA): Supplementary Estimates (C), 2020-21: Votes 1c and 5c under Canadian Food Inspection Agency, Vote 5c under Canadian Institutes of Health Research, Votes 1c and 10c under Department of Health and Votes 1c, 5c and 10c under Public Health Agency of Canada","1a56a6ac-00e5-4394-9005-f424754f15a2","parliament_committee","as_needed",1
"Mon Jul 12 13:33:06 2021","csa-asc","Departmental Evaluation Plan 2021-2022 to 2025-2026","13f6baef-6be4-47b2-91f2-63fa6e339cb3","publication","as_needed",1
"Mon Jul 12 14:23:06 2021","csa-asc","Departmental Evaluation Plan 2021-2022 to 2025-2026","13f6baef-6be4-47b2-91f2-63fa6e339cb3","publication","as_needed",1
"Mon Jul 12 15:28:31 2021","csa-asc","Departmental Evaluation Plan 2021-2022 to 2025-2026","13f6baef-6be4-47b2-91f2-63fa6e339cb3","publication","as_needed",1
"Mon Jul 12 16:29:26 2021","csa-asc","Departmental Evaluation Plan 2021-2022 to 2025-2026","13f6baef-6be4-47b2-91f2-63fa6e339cb3","publication","as_needed",1
"Mon Jul 12 17:33:28 2021","csa-asc","Departmental Evaluation Plan 2021-2022 to 2025-2026","13f6baef-6be4-47b2-91f2-63fa6e339cb3","publication","as_needed",1
"Mon Jul 12 18:25:28 2021","csa-asc","Departmental Evaluation Plan 2021-2022 to 2025-2026","13f6baef-6be4-47b2-91f2-63fa6e339cb3","publication","as_needed",1
"Mon Jul 12 19:26:04 2021","oag-bvg","Briefing package - Appearance of the Auditor General of Canada before the Standing Committee on Public Accounts on Report 6—Canada Emergency Response Benefit, of the 2021 Reports of the Auditor General of Canada –  15 April 2021 ","5ef05a3c-f987-4b86-8b30-967fee2ea3d6","parliament_committee_deputy","not_planned",1
"Mon Jul 12 20:25:32 2021","oag-bvg","Briefing package - Appearance of the Auditor General of Canada before the Standing Committee on Public Accounts on Report 6—Canada Emergency Response Benefit, of the 2021 Reports of the Auditor General of Canada –  15 April 2021 ","5ef05a3c-f987-4b86-8b30-967fee2ea3d6","parliament_committee_deputy","not_planned",1
"Mon Jul 12 21:23:10 2021","oag-bvg","Briefing package - Appearance of the Auditor General of Canada before the Standing Committee on Public Accounts on Report 6—Canada Emergency Response Benefit, of the 2021 Reports of the Auditor General of Canada –  15 April 2021 ","5ef05a3c-f987-4b86-8b30-967fee2ea3d6","parliament_committee_deputy","not_planned",1
"Mon Jul 12 22:29:49 2021","oag-bvg","Briefing package - Appearance of the Auditor General of Canada before the Standing Committee on Public Accounts on Report 6—Canada Emergency Response Benefit, of the 2021 Reports of the Auditor General of Canada –  15 April 2021 ","5ef05a3c-f987-4b86-8b30-967fee2ea3d6","parliament_committee_deputy","not_planned",1
"Mon Jul 12 23:24:44 2021","oag-bvg","Briefing package - Appearance of the Auditor General of Canada before the Standing Committee on Public Accounts on Report 6—Canada Emergency Response Benefit, of the 2021 Reports of the Auditor General of Canada –  15 April 2021 ","5ef05a3c-f987-4b86-8b30-967fee2ea3d6","parliament_committee_deputy","not_planned",1
"Tue Jul 13 00:47:07 2021","oag-bvg","Briefing package - Appearance of the Auditor General of Canada before the Standing Committee on Public Accounts on Report 6—Canada Emergency Response Benefit, of the 2021 Reports of the Auditor General of Canada –  15 April 2021 ","5ef05a3c-f987-4b86-8b30-967fee2ea3d6","parliament_committee_deputy","not_planned",1
"Tue Jul 13 02:08:55 2021","oag-bvg","Briefing package - Appearance of the Auditor General of Canada before the Standing Committee on Public Accounts on Report 6—Canada Emergency Response Benefit, of the 2021 Reports of the Auditor General of Canada –  15 April 2021 ","5ef05a3c-f987-4b86-8b30-967fee2ea3d6","parliament_committee_deputy","not_planned",1
"Tue Jul 13 02:40:24 2021","oag-bvg","Briefing package - Appearance of the Auditor General of Canada before the Standing Committee on Public Accounts on Report 6—Canada Emergency Response Benefit, of the 2021 Reports of the Auditor General of Canada –  15 April 2021 ","5ef05a3c-f987-4b86-8b30-967fee2ea3d6","parliament_committee_deputy","not_planned",1
"Tue Jul 13 03:29:06 2021","oag-bvg","Briefing package - Appearance of the Auditor General of Canada before the Standing Committee on Public Accounts on Report 6—Canada Emergency Response Benefit, of the 2021 Reports of the Auditor General of Canada –  15 April 2021 ","5ef05a3c-f987-4b86-8b30-967fee2ea3d6","parliament_committee_deputy","not_planned",1
"Tue Jul 13 04:26:48 2021","oag-bvg","Briefing package - Appearance of the Auditor General of Canada before the Standing Committee on Public Accounts on Report 6—Canada Emergency Response Benefit, of the 2021 Reports of the Auditor General of Canada –  15 April 2021 ","5ef05a3c-f987-4b86-8b30-967fee2ea3d6","parliament_committee_deputy","not_planned",1
"Tue Jul 13 05:23:36 2021","oag-bvg","Briefing package - Appearance of the Auditor General of Canada before the Standing Committee on Public Accounts on Report 6—Canada Emergency Response Benefit, of the 2021 Reports of the Auditor General of Canada –  15 April 2021 ","5ef05a3c-f987-4b86-8b30-967fee2ea3d6","parliament_committee_deputy","not_planned",1
"Tue Jul 13 06:29:51 2021","oag-bvg","Briefing package - Appearance of the Auditor General of Canada before the Standing Committee on Public Accounts on Report 6—Canada Emergency Response Benefit, of the 2021 Reports of the Auditor General of Canada –  15 April 2021 ","5ef05a3c-f987-4b86-8b30-967fee2ea3d6","parliament_committee_deputy","not_planned",1
"Tue Jul 13 07:27:22 2021","oag-bvg","Briefing package - Appearance of the Auditor General of Canada before the Standing Committee on Public Accounts on Report 6—Canada Emergency Response Benefit, of the 2021 Reports of the Auditor General of Canada –  15 April 2021 ","5ef05a3c-f987-4b86-8b30-967fee2ea3d6","parliament_committee_deputy","not_planned",1
"Tue Jul 13 08:24:41 2021","oag-bvg","Briefing package - Appearance of the Auditor General of Canada before the Standing Committee on Public Accounts on Report 6—Canada Emergency Response Benefit, of the 2021 Reports of the Auditor General of Canada –  15 April 2021 ","5ef05a3c-f987-4b86-8b30-967fee2ea3d6","parliament_committee_deputy","not_planned",1
"Tue Jul 13 09:27:26 2021","oag-bvg","Briefing package - Appearance of the Auditor General of Canada before the Standing Committee on Public Accounts on Report 6—Canada Emergency Response Benefit, of the 2021 Reports of the Auditor General of Canada –  15 April 2021 ","5ef05a3c-f987-4b86-8b30-967fee2ea3d6","parliament_committee_deputy","not_planned",1
"Tue Jul 13 10:25:30 2021","oag-bvg","Briefing package - Appearance of the Auditor General of Canada before the Standing Committee on Public Accounts on Report 6—Canada Emergency Response Benefit, of the 2021 Reports of the Auditor General of Canada –  15 April 2021 ","5ef05a3c-f987-4b86-8b30-967fee2ea3d6","parliament_committee_deputy","not_planned",1
"Tue Jul 13 11:22:15 2021","oag-bvg","Briefing package - Appearance of the Auditor General of Canada before the Standing Committee on Public Accounts on Report 6—Canada Emergency Response Benefit, of the 2021 Reports of the Auditor General of Canada –  15 April 2021 ","5ef05a3c-f987-4b86-8b30-967fee2ea3d6","parliament_committee_deputy","not_planned",1
"Tue Jul 13 12:32:26 2021","oag-bvg","Briefing package - Appearance of the Auditor General of Canada before the Standing Committee on Public Accounts on Report 3—Access to Safe Drinking Water in First Nations Communities—Indigenous Services Canada, of the 2021 Reports of the Auditor General of Canada –  29 April 2021 ","a336e3e0-3b41-4989-9aa5-e76d09c01407","parliament_committee_deputy","not_planned",1
"Tue Jul 13 13:33:57 2021","oag-bvg","Briefing package - Appearance of the Auditor General of Canada before the Standing Committee on Public Accounts on Report 3—Access to Safe Drinking Water in First Nations Communities—Indigenous Services Canada, of the 2021 Reports of the Auditor General of Canada –  29 April 2021 ","a336e3e0-3b41-4989-9aa5-e76d09c01407","parliament_committee_deputy","not_planned",1
"Tue Jul 13 14:24:35 2021","oag-bvg","Briefing package - Appearance of the Auditor General of Canada before the Standing Committee on Public Accounts on Report 3—Access to Safe Drinking Water in First Nations Communities—Indigenous Services Canada, of the 2021 Reports of the Auditor General of Canada –  29 April 2021 ","a336e3e0-3b41-4989-9aa5-e76d09c01407","parliament_committee_deputy","not_planned",1
"Tue Jul 13 15:25:59 2021","oag-bvg","Briefing package - Appearance of the Auditor General of Canada before the Standing Committee on Public Accounts on Report 3—Access to Safe Drinking Water in First Nations Communities—Indigenous Services Canada, of the 2021 Reports of the Auditor General of Canada –  29 April 2021 ","a336e3e0-3b41-4989-9aa5-e76d09c01407","parliament_committee_deputy","not_planned",1
"Tue Jul 13 16:28:23 2021","oag-bvg","Briefing package - Appearance of the Auditor General of Canada before the Standing Committee on Public Accounts on Report 3—Access to Safe Drinking Water in First Nations Communities—Indigenous Services Canada, of the 2021 Reports of the Auditor General of Canada –  29 April 2021 ","a336e3e0-3b41-4989-9aa5-e76d09c01407","parliament_committee_deputy","not_planned",1
"Tue Jul 13 17:34:44 2021","oag-bvg","Briefing package - Appearance of the Office of the Auditor General of Canada before the Standing Committee on Public Accounts on Report 4—Canada Child Benefit, of the 2021 Reports of the Auditor General of Canada –  4 May 2021","991f5766-9396-459a-a5e9-1d5b03a965e6","parliament_committee_deputy","not_planned",1
"Tue Jul 13 18:25:07 2021","oag-bvg","Briefing package - Appearance of the Office of the Auditor General of Canada before the Standing Committee on Public Accounts on Report 4—Canada Child Benefit, of the 2021 Reports of the Auditor General of Canada –  4 May 2021","991f5766-9396-459a-a5e9-1d5b03a965e6","parliament_committee_deputy","not_planned",1
"Tue Jul 13 19:25:19 2021","oag-bvg","Briefing package - Appearance of the Auditor General of Canada before the Standing Committee on Public Accounts on Report 5—Follow-up Audit on Rail Safety—Transport Canada, of the 2021 Reports of the Auditor General of Canada –  6 May 2021","cc0e0a59-750e-4cc5-9f6f-52c2cd4dff15","parliament_committee_deputy","not_planned",1
"Tue Jul 13 20:28:58 2021","oag-bvg","Briefing package - Appearance of the Auditor General of Canada before the Standing Committee on Public Accounts on Report 5—Follow-up Audit on Rail Safety—Transport Canada, of the 2021 Reports of the Auditor General of Canada –  6 May 2021","cc0e0a59-750e-4cc5-9f6f-52c2cd4dff15","parliament_committee_deputy","not_planned",1
"Tue Jul 13 21:25:36 2021","oag-bvg","Briefing package - Appearance of the Auditor General of Canada before the Standing Committee on Public Accounts on Report 5—Follow-up Audit on Rail Safety—Transport Canada, of the 2021 Reports of the Auditor General of Canada –  6 May 2021","cc0e0a59-750e-4cc5-9f6f-52c2cd4dff15","parliament_committee_deputy","not_planned",1
"Tue Jul 13 22:24:36 2021","oag-bvg","Briefing package - Appearance of the Auditor General of Canada before the Standing Committee on Public Accounts on Report 5—Follow-up Audit on Rail Safety—Transport Canada, of the 2021 Reports of the Auditor General of Canada –  6 May 2021","cc0e0a59-750e-4cc5-9f6f-52c2cd4dff15","parliament_committee_deputy","not_planned",1
"Tue Jul 13 23:24:48 2021","oag-bvg","Briefing package - Appearance of the Auditor General of Canada before the Standing Committee on Public Accounts on Report 5—Follow-up Audit on Rail Safety—Transport Canada, of the 2021 Reports of the Auditor General of Canada –  6 May 2021","cc0e0a59-750e-4cc5-9f6f-52c2cd4dff15","parliament_committee_deputy","not_planned",1
"Wed Jul 14 00:41:44 2021","oag-bvg","Briefing package - Appearance of the Auditor General of Canada before the Standing Committee on Public Accounts on Report 5—Follow-up Audit on Rail Safety—Transport Canada, of the 2021 Reports of the Auditor General of Canada –  6 May 2021","cc0e0a59-750e-4cc5-9f6f-52c2cd4dff15","parliament_committee_deputy","not_planned",1
"Wed Jul 14 02:08:38 2021","oag-bvg","Briefing package - Appearance of the Auditor General of Canada before the Standing Committee on Public Accounts on Report 5—Follow-up Audit on Rail Safety—Transport Canada, of the 2021 Reports of the Auditor General of Canada –  6 May 2021","cc0e0a59-750e-4cc5-9f6f-52c2cd4dff15","parliament_committee_deputy","not_planned",1
"Wed Jul 14 02:39:21 2021","oag-bvg","Briefing package - Appearance of the Auditor General of Canada before the Standing Committee on Public Accounts on Report 5—Follow-up Audit on Rail Safety—Transport Canada, of the 2021 Reports of the Auditor General of Canada –  6 May 2021","cc0e0a59-750e-4cc5-9f6f-52c2cd4dff15","parliament_committee_deputy","not_planned",1
"Wed Jul 14 03:24:43 2021","oag-bvg","Briefing package - Appearance of the Auditor General of Canada before the Standing Committee on Public Accounts on Report 5—Follow-up Audit on Rail Safety—Transport Canada, of the 2021 Reports of the Auditor General of Canada –  6 May 2021","cc0e0a59-750e-4cc5-9f6f-52c2cd4dff15","parliament_committee_deputy","not_planned",1
"Wed Jul 14 04:30:29 2021","oag-bvg","Briefing package - Appearance of the Auditor General of Canada before the Standing Committee on Public Accounts on Report 5—Follow-up Audit on Rail Safety—Transport Canada, of the 2021 Reports of the Auditor General of Canada –  6 May 2021","cc0e0a59-750e-4cc5-9f6f-52c2cd4dff15","parliament_committee_deputy","not_planned",1
"Wed Jul 14 05:22:03 2021","oag-bvg","Briefing package - Appearance of the Auditor General of Canada before the Standing Committee on Public Accounts on Report 5—Follow-up Audit on Rail Safety—Transport Canada, of the 2021 Reports of the Auditor General of Canada –  6 May 2021","cc0e0a59-750e-4cc5-9f6f-52c2cd4dff15","parliament_committee_deputy","not_planned",1
"Wed Jul 14 06:31:29 2021","oag-bvg","Briefing package - Appearance of the Auditor General of Canada before the Standing Committee on Public Accounts on Report 5—Follow-up Audit on Rail Safety—Transport Canada, of the 2021 Reports of the Auditor General of Canada –  6 May 2021","cc0e0a59-750e-4cc5-9f6f-52c2cd4dff15","parliament_committee_deputy","not_planned",1
"Wed Jul 14 07:23:12 2021","oag-bvg","Briefing package - Appearance of the Auditor General of Canada before the Standing Committee on Public Accounts on Report 5—Follow-up Audit on Rail Safety—Transport Canada, of the 2021 Reports of the Auditor General of Canada –  6 May 2021","cc0e0a59-750e-4cc5-9f6f-52c2cd4dff15","parliament_committee_deputy","not_planned",1
"Wed Jul 14 08:29:50 2021","oag-bvg","Briefing package - Appearance of the Auditor General of Canada before the Standing Committee on Public Accounts on Report 5—Follow-up Audit on Rail Safety—Transport Canada, of the 2021 Reports of the Auditor General of Canada –  6 May 2021","cc0e0a59-750e-4cc5-9f6f-52c2cd4dff15","parliament_committee_deputy","not_planned",1
"Wed Jul 14 09:24:52 2021","oag-bvg","Briefing package - Appearance of the Auditor General of Canada before the Standing Committee on Public Accounts on Report 5—Follow-up Audit on Rail Safety—Transport Canada, of the 2021 Reports of the Auditor General of Canada –  6 May 2021","cc0e0a59-750e-4cc5-9f6f-52c2cd4dff15","parliament_committee_deputy","not_planned",1
"Wed Jul 14 10:25:30 2021","oag-bvg","Briefing package - Appearance of the Auditor General of Canada before the Standing Committee on Public Accounts on Report 5—Follow-up Audit on Rail Safety—Transport Canada, of the 2021 Reports of the Auditor General of Canada –  6 May 2021","cc0e0a59-750e-4cc5-9f6f-52c2cd4dff15","parliament_committee_deputy","not_planned",1
"Wed Jul 14 11:27:44 2021","oag-bvg","Briefing package - Appearance of the Auditor General of Canada before the Standing Committee on Public Accounts on Report 5—Follow-up Audit on Rail Safety—Transport Canada, of the 2021 Reports of the Auditor General of Canada –  6 May 2021","cc0e0a59-750e-4cc5-9f6f-52c2cd4dff15","parliament_committee_deputy","not_planned",1
"Wed Jul 14 12:29:18 2021","oag-bvg","Briefing package - Appearance of the Auditor General of Canada before the Standing Committee on Public Accounts on Report 5—Follow-up Audit on Rail Safety—Transport Canada, of the 2021 Reports of the Auditor General of Canada –  6 May 2021","cc0e0a59-750e-4cc5-9f6f-52c2cd4dff15","parliament_committee_deputy","not_planned",1
"Wed Jul 14 13:35:19 2021","oag-bvg","Briefing package - Appearance of the Auditor General of Canada before the Standing Committee on Public Accounts on Report 5—Follow-up Audit on Rail Safety—Transport Canada, of the 2021 Reports of the Auditor General of Canada –  6 May 2021","cc0e0a59-750e-4cc5-9f6f-52c2cd4dff15","parliament_committee_deputy","not_planned",1
"Wed Jul 14 14:25:46 2021","oag-bvg","Briefing package - Appearance of the Auditor General of Canada before the Standing Committee on Public Accounts on Report 5—Follow-up Audit on Rail Safety—Transport Canada, of the 2021 Reports of the Auditor General of Canada –  6 May 2021","cc0e0a59-750e-4cc5-9f6f-52c2cd4dff15","parliament_committee_deputy","not_planned",1
"Wed Jul 14 15:25:38 2021","oag-bvg","Briefing package - Appearance of the Auditor General of Canada before the Standing Committee on Public Accounts on Report 5—Follow-up Audit on Rail Safety—Transport Canada, of the 2021 Reports of the Auditor General of Canada –  6 May 2021","cc0e0a59-750e-4cc5-9f6f-52c2cd4dff15","parliament_committee_deputy","not_planned",1
"Wed Jul 14 16:28:27 2021","psc-cfp","Congratulations Letter to new Deputy Head at the Public Health Agency of Canada","b90ee9af-9b7e-4195-b151-271ded9afec7","publication","irregular",1
"Wed Jul 14 17:35:05 2021","psc-cfp","Congratulations Letter to new Deputy Head at the Public Health Agency of Canada","b90ee9af-9b7e-4195-b151-271ded9afec7","publication","irregular",1
"Wed Jul 14 18:26:08 2021","opc-cpvp","2020-21 Survey of Canadians on Privacy-Related Issues","e8f07d53-d94a-4297-9535-114e95513409","primary","not_planned",1
"Wed Jul 14 19:25:44 2021","opc-cpvp","2020-21 Survey of Canadians on Privacy-Related Issues","e8f07d53-d94a-4297-9535-114e95513409","primary","not_planned",1
"Wed Jul 14 20:25:14 2021","opc-cpvp","2020-21 Survey of Canadians on Privacy-Related Issues","e8f07d53-d94a-4297-9535-114e95513409","primary","not_planned",1
"Wed Jul 14 21:23:47 2021","opc-cpvp","2020-21 Survey of Canadians on Privacy-Related Issues","e8f07d53-d94a-4297-9535-114e95513409","primary","not_planned",1
"Wed Jul 14 22:27:24 2021","opc-cpvp","2020-21 Survey of Canadians on Privacy-Related Issues","e8f07d53-d94a-4297-9535-114e95513409","primary","not_planned",1
"Wed Jul 14 23:27:52 2021","opc-cpvp","2020-21 Survey of Canadians on Privacy-Related Issues","e8f07d53-d94a-4297-9535-114e95513409","primary","not_planned",1
"Thu Jul 15 00:42:49 2021","opc-cpvp","2020-21 Survey of Canadians on Privacy-Related Issues","e8f07d53-d94a-4297-9535-114e95513409","primary","not_planned",1
"Thu Jul 15 02:10:07 2021","opc-cpvp","2020-21 Survey of Canadians on Privacy-Related Issues","e8f07d53-d94a-4297-9535-114e95513409","primary","not_planned",1
"Thu Jul 15 02:41:11 2021","opc-cpvp","2020-21 Survey of Canadians on Privacy-Related Issues","e8f07d53-d94a-4297-9535-114e95513409","primary","not_planned",1
"Thu Jul 15 03:28:27 2021","opc-cpvp","2020-21 Survey of Canadians on Privacy-Related Issues","e8f07d53-d94a-4297-9535-114e95513409","primary","not_planned",1
"Thu Jul 15 04:26:15 2021","opc-cpvp","2020-21 Survey of Canadians on Privacy-Related Issues","e8f07d53-d94a-4297-9535-114e95513409","primary","not_planned",1
"Thu Jul 15 05:22:59 2021","opc-cpvp","2020-21 Survey of Canadians on Privacy-Related Issues","e8f07d53-d94a-4297-9535-114e95513409","primary","not_planned",1
"Thu Jul 15 06:25:50 2021","opc-cpvp","2020-21 Survey of Canadians on Privacy-Related Issues","e8f07d53-d94a-4297-9535-114e95513409","primary","not_planned",1
"Thu Jul 15 07:23:36 2021","opc-cpvp","2020-21 Survey of Canadians on Privacy-Related Issues","e8f07d53-d94a-4297-9535-114e95513409","primary","not_planned",1
"Thu Jul 15 08:28:02 2021","opc-cpvp","2020-21 Survey of Canadians on Privacy-Related Issues","e8f07d53-d94a-4297-9535-114e95513409","primary","not_planned",1
"Thu Jul 15 09:26:42 2021","opc-cpvp","2020-21 Survey of Canadians on Privacy-Related Issues","e8f07d53-d94a-4297-9535-114e95513409","primary","not_planned",1
"Thu Jul 15 10:27:26 2021","opc-cpvp","2020-21 Survey of Canadians on Privacy-Related Issues","e8f07d53-d94a-4297-9535-114e95513409","primary","not_planned",1
"Thu Jul 15 11:23:16 2021","opc-cpvp","2020-21 Survey of Canadians on Privacy-Related Issues","e8f07d53-d94a-4297-9535-114e95513409","primary","not_planned",1
"Thu Jul 15 12:32:21 2021","opc-cpvp","2020-21 Survey of Canadians on Privacy-Related Issues","e8f07d53-d94a-4297-9535-114e95513409","primary","not_planned",1
"Thu Jul 15 13:35:04 2021","opc-cpvp","2020-21 Survey of Canadians on Privacy-Related Issues","e8f07d53-d94a-4297-9535-114e95513409","primary","not_planned",1
"Thu Jul 15 14:24:15 2021","oag-bvg","Briefing package - Appearance of the Auditor General of Canada before the Standing Committee on Public Accounts on Report 1—Procuring Complex Information Technology Solutions, of the 2021 Reports of the Auditor General of Canada –  27 May 2021 ","1dc0eee6-5cf6-4a88-ac41-d59d07d4fed6","parliament_committee_deputy","not_planned",1
"Thu Jul 15 15:28:39 2021","oag-bvg","Briefing package - Appearance of the Auditor General of Canada before the Standing Committee on Public Accounts on Report 1—Procuring Complex Information Technology Solutions, of the 2021 Reports of the Auditor General of Canada –  27 May 2021 ","1dc0eee6-5cf6-4a88-ac41-d59d07d4fed6","parliament_committee_deputy","not_planned",1
"Thu Jul 15 16:26:40 2021","oag-bvg","Briefing package - Appearance of the Auditor General of Canada before the Standing Committee on Public Accounts on Report 1—Procuring Complex Information Technology Solutions, of the 2021 Reports of the Auditor General of Canada –  27 May 2021 ","1dc0eee6-5cf6-4a88-ac41-d59d07d4fed6","parliament_committee_deputy","not_planned",1
"Thu Jul 15 17:32:20 2021","oag-bvg","Briefing package - Appearance of the Auditor General of Canada before the Standing Committee on Public Accounts on Report 1—Procuring Complex Information Technology Solutions, of the 2021 Reports of the Auditor General of Canada –  27 May 2021 ","1dc0eee6-5cf6-4a88-ac41-d59d07d4fed6","parliament_committee_deputy","not_planned",1
"Thu Jul 15 18:26:23 2021","oag-bvg","Briefing package - Appearance of the Auditor General of Canada before the Standing Committee on Public Accounts on Report 1—Procuring Complex Information Technology Solutions, of the 2021 Reports of the Auditor General of Canada –  27 May 2021 ","1dc0eee6-5cf6-4a88-ac41-d59d07d4fed6","parliament_committee_deputy","not_planned",1
"Thu Jul 15 19:25:50 2021","esdc-edsc","Deputy Minister of Labour - Corporate briefing binder March, 2021","50ff9e2f-64c6-4e21-ba68-de2ccb2ba7b1","transition_deputy","not_planned",1
"Thu Jul 15 20:31:07 2021","esdc-edsc","Deputy Minister of Labour - Corporate briefing binder March, 2021","50ff9e2f-64c6-4e21-ba68-de2ccb2ba7b1","transition_deputy","not_planned",1
"Thu Jul 15 21:24:43 2021","esdc-edsc","Deputy Minister of Labour - Corporate briefing binder March, 2021","50ff9e2f-64c6-4e21-ba68-de2ccb2ba7b1","transition_deputy","not_planned",1
"Thu Jul 15 22:26:30 2021","esdc-edsc","Deputy Minister of Labour - Corporate briefing binder March, 2021","50ff9e2f-64c6-4e21-ba68-de2ccb2ba7b1","transition_deputy","not_planned",1
"Fri Jul 16 00:43:50 2021","esdc-edsc","Deputy Minister of Labour - Corporate briefing binder March, 2021","50ff9e2f-64c6-4e21-ba68-de2ccb2ba7b1","transition_deputy","not_planned",1
"Fri Jul 16 02:13:33 2021","esdc-edsc","Deputy Minister of Labour - Corporate briefing binder March, 2021","50ff9e2f-64c6-4e21-ba68-de2ccb2ba7b1","transition_deputy","not_planned",1
"Fri Jul 16 02:41:38 2021","esdc-edsc","Deputy Minister of Labour - Corporate briefing binder March, 2021","50ff9e2f-64c6-4e21-ba68-de2ccb2ba7b1","transition_deputy","not_planned",1
"Fri Jul 16 03:25:22 2021","esdc-edsc","Deputy Minister of Labour - Corporate briefing binder March, 2021","50ff9e2f-64c6-4e21-ba68-de2ccb2ba7b1","transition_deputy","not_planned",1
"Fri Jul 16 04:29:12 2021","esdc-edsc","Deputy Minister of Labour - Corporate briefing binder March, 2021","50ff9e2f-64c6-4e21-ba68-de2ccb2ba7b1","transition_deputy","not_planned",1
"Fri Jul 16 05:23:26 2021","esdc-edsc","Deputy Minister of Labour - Corporate briefing binder March, 2021","50ff9e2f-64c6-4e21-ba68-de2ccb2ba7b1","transition_deputy","not_planned",1
"Fri Jul 16 06:29:38 2021","esdc-edsc","Deputy Minister of Labour - Corporate briefing binder March, 2021","50ff9e2f-64c6-4e21-ba68-de2ccb2ba7b1","transition_deputy","not_planned",1
"Fri Jul 16 07:27:24 2021","esdc-edsc","Deputy Minister of Labour - Corporate briefing binder March, 2021","50ff9e2f-64c6-4e21-ba68-de2ccb2ba7b1","transition_deputy","not_planned",1
"Fri Jul 16 08:29:06 2021","esdc-edsc","Deputy Minister of Labour - Corporate briefing binder March, 2021","50ff9e2f-64c6-4e21-ba68-de2ccb2ba7b1","transition_deputy","not_planned",1
"Fri Jul 16 09:24:42 2021","esdc-edsc","Deputy Minister of Labour - Corporate briefing binder March, 2021","50ff9e2f-64c6-4e21-ba68-de2ccb2ba7b1","transition_deputy","not_planned",1
"Fri Jul 16 10:24:46 2021","esdc-edsc","Deputy Minister of Labour - Corporate briefing binder March, 2021","50ff9e2f-64c6-4e21-ba68-de2ccb2ba7b1","transition_deputy","not_planned",1
"Fri Jul 16 11:27:17 2021","esdc-edsc","Deputy Minister of Labour - Corporate briefing binder March, 2021","50ff9e2f-64c6-4e21-ba68-de2ccb2ba7b1","transition_deputy","not_planned",1
"Fri Jul 16 12:28:12 2021","esdc-edsc","Deputy Minister of Labour - Corporate briefing binder March, 2021","50ff9e2f-64c6-4e21-ba68-de2ccb2ba7b1","transition_deputy","not_planned",1
"Fri Jul 16 13:34:20 2021","statcan","Capital and operating expenditures on resource management activities by industry","293b1f79-2ecf-4ee9-a2b6-b98eacdba84b","primary","P1Y",1
"Fri Jul 16 14:23:40 2021","oag-bvg","Briefing package - Appearance of the Auditor General of Canada before the Standing Committee on Government Operations and Estimates on Government’s Response to the COVID-19 Pandemic on 7 June 2021","a22ebf59-09f1-4f7b-b368-57420e4755ac","parliament_committee_deputy","not_planned",1
"Fri Jul 16 15:25:42 2021","ocl-cal","Investigation report : Mark Aldridge, President & CEO, MCAP Commercial LP","635066ef-1964-48b3-901a-3e2d370472a8","parliament_report","as_needed",1
"Fri Jul 16 16:30:22 2021","phac-aspc","President’s  Appearance at the Special Committee on Canada-China Relations March 22, 2021","2720575f-c022-4621-8cd8-2ff1938de6d2","parliament_committee_deputy","not_planned",1
"Fri Jul 16 17:36:35 2021","phac-aspc","President’s  Appearance at the Special Committee on Canada-China Relations March 22, 2021","2720575f-c022-4621-8cd8-2ff1938de6d2","parliament_committee_deputy","not_planned",1
"Fri Jul 16 18:30:00 2021","jus","Making plans: A guide to parenting arrangements after separation or divorce","45d17884-3acd-4b6a-9832-e16b78fe59e0","publication","as_needed",1
"Fri Jul 16 19:22:41 2021","jus","Making plans: A guide to parenting arrangements after separation or divorce","45d17884-3acd-4b6a-9832-e16b78fe59e0","publication","as_needed",1
"Fri Jul 16 20:27:16 2021","jus","Making plans: A guide to parenting arrangements after separation or divorce","45d17884-3acd-4b6a-9832-e16b78fe59e0","publication","as_needed",1
"Fri Jul 16 21:24:17 2021","jus","Making plans: A guide to parenting arrangements after separation or divorce","45d17884-3acd-4b6a-9832-e16b78fe59e0","publication","as_needed",1
"Fri Jul 16 22:27:26 2021","jus","Making plans: A guide to parenting arrangements after separation or divorce","45d17884-3acd-4b6a-9832-e16b78fe59e0","publication","as_needed",1
"Fri Jul 16 23:27:29 2021","jus","Making plans: A guide to parenting arrangements after separation or divorce","45d17884-3acd-4b6a-9832-e16b78fe59e0","publication","as_needed",1
"Sat Jul 17 00:46:46 2021","jus","Making plans: A guide to parenting arrangements after separation or divorce","45d17884-3acd-4b6a-9832-e16b78fe59e0","publication","as_needed",1
"Sat Jul 17 02:05:28 2021","jus","Making plans: A guide to parenting arrangements after separation or divorce","45d17884-3acd-4b6a-9832-e16b78fe59e0","publication","as_needed",1
"Sat Jul 17 02:37:09 2021","jus","Making plans: A guide to parenting arrangements after separation or divorce","45d17884-3acd-4b6a-9832-e16b78fe59e0","publication","as_needed",1
"Sat Jul 17 03:23:43 2021","jus","Making plans: A guide to parenting arrangements after separation or divorce","45d17884-3acd-4b6a-9832-e16b78fe59e0","publication","as_needed",1
"Sat Jul 17 04:25:31 2021","jus","Making plans: A guide to parenting arrangements after separation or divorce","45d17884-3acd-4b6a-9832-e16b78fe59e0","publication","as_needed",1
"Sat Jul 17 05:26:54 2021","jus","Making plans: A guide to parenting arrangements after separation or divorce","45d17884-3acd-4b6a-9832-e16b78fe59e0","publication","as_needed",1
"Sat Jul 17 06:27:56 2021","jus","Making plans: A guide to parenting arrangements after separation or divorce","45d17884-3acd-4b6a-9832-e16b78fe59e0","publication","as_needed",1
"Sat Jul 17 07:29:38 2021","jus","Making plans: A guide to parenting arrangements after separation or divorce","45d17884-3acd-4b6a-9832-e16b78fe59e0","publication","as_needed",1
"Sat Jul 17 08:28:52 2021","jus","Making plans: A guide to parenting arrangements after separation or divorce","45d17884-3acd-4b6a-9832-e16b78fe59e0","publication","as_needed",1
"Sat Jul 17 09:27:44 2021","jus","Making plans: A guide to parenting arrangements after separation or divorce","45d17884-3acd-4b6a-9832-e16b78fe59e0","publication","as_needed",1
"Sat Jul 17 10:27:30 2021","jus","Making plans: A guide to parenting arrangements after separation or divorce","45d17884-3acd-4b6a-9832-e16b78fe59e0","publication","as_needed",1
"Sat Jul 17 11:25:19 2021","jus","Making plans: A guide to parenting arrangements after separation or divorce","45d17884-3acd-4b6a-9832-e16b78fe59e0","publication","as_needed",1
"Sat Jul 17 12:28:57 2021","jus","Making plans: A guide to parenting arrangements after separation or divorce","45d17884-3acd-4b6a-9832-e16b78fe59e0","publication","as_needed",1
"Sat Jul 17 13:31:05 2021","jus","Making plans: A guide to parenting arrangements after separation or divorce","45d17884-3acd-4b6a-9832-e16b78fe59e0","publication","as_needed",1
"Sat Jul 17 14:24:03 2021","jus","Making plans: A guide to parenting arrangements after separation or divorce","45d17884-3acd-4b6a-9832-e16b78fe59e0","publication","as_needed",1
"Sat Jul 17 15:24:28 2021","jus","Making plans: A guide to parenting arrangements after separation or divorce","45d17884-3acd-4b6a-9832-e16b78fe59e0","publication","as_needed",1
"Sat Jul 17 16:27:47 2021","jus","Making plans: A guide to parenting arrangements after separation or divorce","45d17884-3acd-4b6a-9832-e16b78fe59e0","publication","as_needed",1
"Sat Jul 17 17:30:39 2021","jus","Making plans: A guide to parenting arrangements after separation or divorce","45d17884-3acd-4b6a-9832-e16b78fe59e0","publication","as_needed",1
"Sat Jul 17 18:26:44 2021","jus","Making plans: A guide to parenting arrangements after separation or divorce","45d17884-3acd-4b6a-9832-e16b78fe59e0","publication","as_needed",1
"Sat Jul 17 19:26:21 2021","jus","Making plans: A guide to parenting arrangements after separation or divorce","45d17884-3acd-4b6a-9832-e16b78fe59e0","publication","as_needed",1
"Sat Jul 17 20:22:54 2021","jus","Making plans: A guide to parenting arrangements after separation or divorce","45d17884-3acd-4b6a-9832-e16b78fe59e0","publication","as_needed",1
"Sat Jul 17 21:23:46 2021","jus","Making plans: A guide to parenting arrangements after separation or divorce","45d17884-3acd-4b6a-9832-e16b78fe59e0","publication","as_needed",1
"Sat Jul 17 22:24:07 2021","jus","Making plans: A guide to parenting arrangements after separation or divorce","45d17884-3acd-4b6a-9832-e16b78fe59e0","publication","as_needed",1
"Sat Jul 17 23:28:11 2021","jus","Making plans: A guide to parenting arrangements after separation or divorce","45d17884-3acd-4b6a-9832-e16b78fe59e0","publication","as_needed",1
"Sun Jul 18 00:46:22 2021","jus","Making plans: A guide to parenting arrangements after separation or divorce","45d17884-3acd-4b6a-9832-e16b78fe59e0","publication","as_needed",1
"Sun Jul 18 02:12:49 2021","jus","Making plans: A guide to parenting arrangements after separation or divorce","45d17884-3acd-4b6a-9832-e16b78fe59e0","publication","as_needed",1
"Sun Jul 18 02:41:02 2021","jus","Making plans: A guide to parenting arrangements after separation or divorce","45d17884-3acd-4b6a-9832-e16b78fe59e0","publication","as_needed",1
"Sun Jul 18 03:24:47 2021","jus","Making plans: A guide to parenting arrangements after separation or divorce","45d17884-3acd-4b6a-9832-e16b78fe59e0","publication","as_needed",1
"Sun Jul 18 04:25:47 2021","jus","Making plans: A guide to parenting arrangements after separation or divorce","45d17884-3acd-4b6a-9832-e16b78fe59e0","publication","as_needed",1
"Sun Jul 18 05:23:29 2021","jus","Making plans: A guide to parenting arrangements after separation or divorce","45d17884-3acd-4b6a-9832-e16b78fe59e0","publication","as_needed",1
"Sun Jul 18 06:28:04 2021","jus","Making plans: A guide to parenting arrangements after separation or divorce","45d17884-3acd-4b6a-9832-e16b78fe59e0","publication","as_needed",1
"Sun Jul 18 07:24:02 2021","jus","Making plans: A guide to parenting arrangements after separation or divorce","45d17884-3acd-4b6a-9832-e16b78fe59e0","publication","as_needed",1
"Sun Jul 18 08:25:32 2021","jus","Making plans: A guide to parenting arrangements after separation or divorce","45d17884-3acd-4b6a-9832-e16b78fe59e0","publication","as_needed",1
"Sun Jul 18 09:25:01 2021","jus","Making plans: A guide to parenting arrangements after separation or divorce","45d17884-3acd-4b6a-9832-e16b78fe59e0","publication","as_needed",1
"Sun Jul 18 10:24:39 2021","jus","Making plans: A guide to parenting arrangements after separation or divorce","45d17884-3acd-4b6a-9832-e16b78fe59e0","publication","as_needed",1
"Sun Jul 18 11:28:25 2021","jus","Making plans: A guide to parenting arrangements after separation or divorce","45d17884-3acd-4b6a-9832-e16b78fe59e0","publication","as_needed",1
"Sun Jul 18 12:28:42 2021","jus","Making plans: A guide to parenting arrangements after separation or divorce","45d17884-3acd-4b6a-9832-e16b78fe59e0","publication","as_needed",1
"Sun Jul 18 13:28:55 2021","jus","Making plans: A guide to parenting arrangements after separation or divorce","45d17884-3acd-4b6a-9832-e16b78fe59e0","publication","as_needed",1
"Sun Jul 18 14:24:12 2021","jus","Making plans: A guide to parenting arrangements after separation or divorce","45d17884-3acd-4b6a-9832-e16b78fe59e0","publication","as_needed",1
"Sun Jul 18 15:26:12 2021","jus","Making plans: A guide to parenting arrangements after separation or divorce","45d17884-3acd-4b6a-9832-e16b78fe59e0","publication","as_needed",1
"Sun Jul 18 16:32:32 2021","jus","Making plans: A guide to parenting arrangements after separation or divorce","45d17884-3acd-4b6a-9832-e16b78fe59e0","publication","as_needed",1
"Sun Jul 18 17:30:13 2021","jus","Making plans: A guide to parenting arrangements after separation or divorce","45d17884-3acd-4b6a-9832-e16b78fe59e0","publication","as_needed",1
"Sun Jul 18 18:28:21 2021","jus","Making plans: A guide to parenting arrangements after separation or divorce","45d17884-3acd-4b6a-9832-e16b78fe59e0","publication","as_needed",1
"Sun Jul 18 19:26:13 2021","jus","Making plans: A guide to parenting arrangements after separation or divorce","45d17884-3acd-4b6a-9832-e16b78fe59e0","publication","as_needed",1
"Sun Jul 18 20:27:59 2021","jus","Making plans: A guide to parenting arrangements after separation or divorce","45d17884-3acd-4b6a-9832-e16b78fe59e0","publication","as_needed",1
"Sun Jul 18 21:26:04 2021","jus","Making plans: A guide to parenting arrangements after separation or divorce","45d17884-3acd-4b6a-9832-e16b78fe59e0","publication","as_needed",1
"Sun Jul 18 22:28:01 2021","jus","Making plans: A guide to parenting arrangements after separation or divorce","45d17884-3acd-4b6a-9832-e16b78fe59e0","publication","as_needed",1
"Sun Jul 18 23:26:26 2021","jus","Making plans: A guide to parenting arrangements after separation or divorce","45d17884-3acd-4b6a-9832-e16b78fe59e0","publication","as_needed",1
"Mon Jul 19 00:47:03 2021","jus","Making plans: A guide to parenting arrangements after separation or divorce","45d17884-3acd-4b6a-9832-e16b78fe59e0","publication","as_needed",1
"Mon Jul 19 02:12:31 2021","jus","Making plans: A guide to parenting arrangements after separation or divorce","45d17884-3acd-4b6a-9832-e16b78fe59e0","publication","as_needed",1
"Mon Jul 19 02:38:55 2021","jus","Making plans: A guide to parenting arrangements after separation or divorce","45d17884-3acd-4b6a-9832-e16b78fe59e0","publication","as_needed",1
"Mon Jul 19 03:28:04 2021","jus","Making plans: A guide to parenting arrangements after separation or divorce","45d17884-3acd-4b6a-9832-e16b78fe59e0","publication","as_needed",1
"Mon Jul 19 04:29:38 2021","jus","Making plans: A guide to parenting arrangements after separation or divorce","45d17884-3acd-4b6a-9832-e16b78fe59e0","publication","as_needed",1
"Mon Jul 19 05:23:11 2021","jus","Making plans: A guide to parenting arrangements after separation or divorce","45d17884-3acd-4b6a-9832-e16b78fe59e0","publication","as_needed",1
"Mon Jul 19 06:26:32 2021","jus","Making plans: A guide to parenting arrangements after separation or divorce","45d17884-3acd-4b6a-9832-e16b78fe59e0","publication","as_needed",1
"Mon Jul 19 07:26:16 2021","jus","Making plans: A guide to parenting arrangements after separation or divorce","45d17884-3acd-4b6a-9832-e16b78fe59e0","publication","as_needed",1
"Mon Jul 19 08:30:12 2021","jus","Making plans: A guide to parenting arrangements after separation or divorce","45d17884-3acd-4b6a-9832-e16b78fe59e0","publication","as_needed",1
"Mon Jul 19 09:24:28 2021","jus","Making plans: A guide to parenting arrangements after separation or divorce","45d17884-3acd-4b6a-9832-e16b78fe59e0","publication","as_needed",1
"Mon Jul 19 10:23:02 2021","jus","Making plans: A guide to parenting arrangements after separation or divorce","45d17884-3acd-4b6a-9832-e16b78fe59e0","publication","as_needed",1
"Mon Jul 19 11:23:39 2021","jus","Making plans: A guide to parenting arrangements after separation or divorce","45d17884-3acd-4b6a-9832-e16b78fe59e0","publication","as_needed",1
"Mon Jul 19 12:28:43 2021","jus","Making plans: A guide to parenting arrangements after separation or divorce","45d17884-3acd-4b6a-9832-e16b78fe59e0","publication","as_needed",1
"Mon Jul 19 13:31:44 2021","statcan","Production, shipments and value of shipments of metallic and non-metallic minerals, annual","760a4e24-011d-44a4-8063-e6780ac3f691","primary","P1Y",1
"Mon Jul 19 14:26:48 2021","statcan","Production, shipments and value of shipments of metallic and non-metallic minerals, annual","760a4e24-011d-44a4-8063-e6780ac3f691","primary","P1Y",1
"Mon Jul 19 15:24:35 2021","jus","What happens next? Information for kids about separation and divorce","bdfbf334-e0b6-46eb-893f-3a73374304bf","publication","as_needed",1
"Mon Jul 19 16:27:34 2021","nrcan-rncan","Modernizing Canada's Radioactive Waste Policy: Comments and Ideas Submitted","c634aace-67fa-404a-addf-0f4e2a807024","primary","not_planned",1
"Mon Jul 19 17:32:32 2021","aafc-aac","Count of Mean Weekly Best-Quality Maximum-NDVI","6550ecc3-fbe7-4f93-8bd5-2b27ad19a2a4","fgp","P1W",1
"Mon Jul 19 18:26:08 2021","psc-cfp","Pulling back the curtain on digital transformation: the Public Service Commission Application Rationalization Project","900d09c0-e8e2-4d33-9e90-cf08081ec47f","publication","as_needed",1
"Mon Jul 19 19:26:04 2021","psc-cfp","Note for President's visit with Stephen Lucas","5a9c17c9-9447-4b93-a326-8b9511015df7","publication","as_needed",1
"Mon Jul 19 20:28:40 2021","psc-cfp","Note for President's visit with Stephen Lucas","5a9c17c9-9447-4b93-a326-8b9511015df7","publication","as_needed",1
"Mon Jul 19 21:25:49 2021","psc-cfp","Note for President's visit with Stephen Lucas","5a9c17c9-9447-4b93-a326-8b9511015df7","publication","as_needed",1
"Mon Jul 19 22:27:34 2021","psc-cfp","Note for President's visit with Stephen Lucas","5a9c17c9-9447-4b93-a326-8b9511015df7","publication","as_needed",1
"Mon Jul 19 23:29:26 2021","psc-cfp","Note for President's visit with Stephen Lucas","5a9c17c9-9447-4b93-a326-8b9511015df7","publication","as_needed",1
"Tue Jul 20 00:46:19 2021","psc-cfp","Note for President's visit with Stephen Lucas","5a9c17c9-9447-4b93-a326-8b9511015df7","publication","as_needed",1
"Tue Jul 20 02:13:51 2021","psc-cfp","Note for President's visit with Stephen Lucas","5a9c17c9-9447-4b93-a326-8b9511015df7","publication","as_needed",1
"Tue Jul 20 02:48:01 2021","psc-cfp","Note for President's visit with Stephen Lucas","5a9c17c9-9447-4b93-a326-8b9511015df7","publication","as_needed",1
"Tue Jul 20 03:29:02 2021","psc-cfp","Note for President's visit with Stephen Lucas","5a9c17c9-9447-4b93-a326-8b9511015df7","publication","as_needed",1
"Tue Jul 20 04:30:05 2021","psc-cfp","Note for President's visit with Stephen Lucas","5a9c17c9-9447-4b93-a326-8b9511015df7","publication","as_needed",1
"Tue Jul 20 05:26:07 2021","psc-cfp","Note for President's visit with Stephen Lucas","5a9c17c9-9447-4b93-a326-8b9511015df7","publication","as_needed",1
"Tue Jul 20 06:28:18 2021","psc-cfp","Note for President's visit with Stephen Lucas","5a9c17c9-9447-4b93-a326-8b9511015df7","publication","as_needed",1
"Tue Jul 20 07:27:41 2021","psc-cfp","Note for President's visit with Stephen Lucas","5a9c17c9-9447-4b93-a326-8b9511015df7","publication","as_needed",1
"Tue Jul 20 08:26:27 2021","psc-cfp","Note for President's visit with Stephen Lucas","5a9c17c9-9447-4b93-a326-8b9511015df7","publication","as_needed",1
"Tue Jul 20 09:24:45 2021","psc-cfp","Note for President's visit with Stephen Lucas","5a9c17c9-9447-4b93-a326-8b9511015df7","publication","as_needed",1
"Tue Jul 20 10:31:05 2021","psc-cfp","Note for President's visit with Stephen Lucas","5a9c17c9-9447-4b93-a326-8b9511015df7","publication","as_needed",1
"Tue Jul 20 11:25:42 2021","psc-cfp","Note for President's visit with Stephen Lucas","5a9c17c9-9447-4b93-a326-8b9511015df7","publication","as_needed",1
"Tue Jul 20 12:28:35 2021","psc-cfp","Note for President's visit with Stephen Lucas","5a9c17c9-9447-4b93-a326-8b9511015df7","publication","as_needed",1
"Tue Jul 20 13:36:47 2021","psc-cfp","Note for President's visit with Stephen Lucas","5a9c17c9-9447-4b93-a326-8b9511015df7","publication","as_needed",1
"Tue Jul 20 14:28:40 2021","psc-cfp","Note for President's visit with Stephen Lucas","5a9c17c9-9447-4b93-a326-8b9511015df7","publication","as_needed",1
"Tue Jul 20 15:29:30 2021","psc-cfp","Note for President's visit with Stephen Lucas","5a9c17c9-9447-4b93-a326-8b9511015df7","publication","as_needed",1
"Tue Jul 20 16:31:57 2021","psc-cfp","Note for President's visit with Stephen Lucas","5a9c17c9-9447-4b93-a326-8b9511015df7","publication","as_needed",1
"Tue Jul 20 17:33:48 2021","psc-cfp","Note for President's visit with Stephen Lucas","5a9c17c9-9447-4b93-a326-8b9511015df7","publication","as_needed",1
"Tue Jul 20 18:24:54 2021","psc-cfp","Note for President's visit with Stephen Lucas","5a9c17c9-9447-4b93-a326-8b9511015df7","publication","as_needed",1
"Tue Jul 20 19:22:32 2021","psc-cfp","Note for President's visit with Stephen Lucas","5a9c17c9-9447-4b93-a326-8b9511015df7","publication","as_needed",1
"Tue Jul 20 20:30:26 2021","psc-cfp","Note for President's visit with Stephen Lucas","5a9c17c9-9447-4b93-a326-8b9511015df7","publication","as_needed",1
"Tue Jul 20 21:25:18 2021","psc-cfp","Note for President's visit with Stephen Lucas","5a9c17c9-9447-4b93-a326-8b9511015df7","publication","as_needed",1
"Tue Jul 20 22:28:16 2021","psc-cfp","Note for President's visit with Stephen Lucas","5a9c17c9-9447-4b93-a326-8b9511015df7","publication","as_needed",1
"Tue Jul 20 23:24:04 2021","psc-cfp","Note for President's visit with Stephen Lucas","5a9c17c9-9447-4b93-a326-8b9511015df7","publication","as_needed",1
"Wed Jul 21 00:49:08 2021","psc-cfp","Note for President's visit with Stephen Lucas","5a9c17c9-9447-4b93-a326-8b9511015df7","publication","as_needed",1
"Wed Jul 21 02:11:40 2021","psc-cfp","Note for President's visit with Stephen Lucas","5a9c17c9-9447-4b93-a326-8b9511015df7","publication","as_needed",1
"Wed Jul 21 02:40:04 2021","psc-cfp","Note for President's visit with Stephen Lucas","5a9c17c9-9447-4b93-a326-8b9511015df7","publication","as_needed",1
"Wed Jul 21 03:24:37 2021","psc-cfp","Note for President's visit with Stephen Lucas","5a9c17c9-9447-4b93-a326-8b9511015df7","publication","as_needed",1
"Wed Jul 21 04:29:49 2021","psc-cfp","Note for President's visit with Stephen Lucas","5a9c17c9-9447-4b93-a326-8b9511015df7","publication","as_needed",1
"Wed Jul 21 05:23:15 2021","psc-cfp","Note for President's visit with Stephen Lucas","5a9c17c9-9447-4b93-a326-8b9511015df7","publication","as_needed",1
"Wed Jul 21 06:30:43 2021","psc-cfp","Note for President's visit with Stephen Lucas","5a9c17c9-9447-4b93-a326-8b9511015df7","publication","as_needed",1
"Wed Jul 21 07:22:42 2021","psc-cfp","Note for President's visit with Stephen Lucas","5a9c17c9-9447-4b93-a326-8b9511015df7","publication","as_needed",1
"Wed Jul 21 08:35:05 2021","psc-cfp","Note for President's visit with Stephen Lucas","5a9c17c9-9447-4b93-a326-8b9511015df7","publication","as_needed",1
"Wed Jul 21 09:29:42 2021","psc-cfp","Note for President's visit with Stephen Lucas","5a9c17c9-9447-4b93-a326-8b9511015df7","publication","as_needed",1
"Wed Jul 21 10:24:51 2021","qc","For safe motherhood","a3cb4267-e900-4d61-9ee1-034071144224","federated","P1Y",1
"Wed Jul 21 11:23:21 2021","qc","For safe motherhood","a3cb4267-e900-4d61-9ee1-034071144224","federated","P1Y",1
"Wed Jul 21 12:29:33 2021","qc","For safe motherhood","a3cb4267-e900-4d61-9ee1-034071144224","federated","P1Y",1
"Wed Jul 21 13:34:29 2021","qc","For safe motherhood","a3cb4267-e900-4d61-9ee1-034071144224","federated","P1Y",1
"Wed Jul 21 14:23:54 2021","qc","For safe motherhood","a3cb4267-e900-4d61-9ee1-034071144224","federated","P1Y",1
"Wed Jul 21 15:28:42 2021","qc","For safe motherhood","a3cb4267-e900-4d61-9ee1-034071144224","federated","P1Y",1
"Wed Jul 21 16:34:30 2021","qc","For safe motherhood","a3cb4267-e900-4d61-9ee1-034071144224","federated","P1Y",1
"Wed Jul 21 17:33:30 2021","qc","For safe motherhood","a3cb4267-e900-4d61-9ee1-034071144224","federated","P1Y",1
"Wed Jul 21 18:26:03 2021","qc","For safe motherhood","a3cb4267-e900-4d61-9ee1-034071144224","federated","P1Y",1
"Wed Jul 21 19:22:01 2021","qc","For safe motherhood","a3cb4267-e900-4d61-9ee1-034071144224","federated","P1Y",1
"Wed Jul 21 20:26:59 2021","qc","For safe motherhood","a3cb4267-e900-4d61-9ee1-034071144224","federated","P1Y",1
"Wed Jul 21 21:22:45 2021","qc","For safe motherhood","a3cb4267-e900-4d61-9ee1-034071144224","federated","P1Y",1
"Wed Jul 21 22:24:42 2021","qc","For safe motherhood","a3cb4267-e900-4d61-9ee1-034071144224","federated","P1Y",1
"Wed Jul 21 23:29:21 2021","qc","For safe motherhood","a3cb4267-e900-4d61-9ee1-034071144224","federated","P1Y",1
"Thu Jul 22 00:43:26 2021","qc","For safe motherhood","a3cb4267-e900-4d61-9ee1-034071144224","federated","P1Y",1
"Thu Jul 22 02:15:40 2021","qc","For safe motherhood","a3cb4267-e900-4d61-9ee1-034071144224","federated","P1Y",1
"Thu Jul 22 02:41:55 2021","qc","For safe motherhood","a3cb4267-e900-4d61-9ee1-034071144224","federated","P1Y",1
"Thu Jul 22 03:28:43 2021","qc","For safe motherhood","a3cb4267-e900-4d61-9ee1-034071144224","federated","P1Y",1
"Thu Jul 22 04:31:23 2021","qc","For safe motherhood","a3cb4267-e900-4d61-9ee1-034071144224","federated","P1Y",1
"Thu Jul 22 05:21:53 2021","qc","For safe motherhood","a3cb4267-e900-4d61-9ee1-034071144224","federated","P1Y",1
"Thu Jul 22 06:26:39 2021","qc","For safe motherhood","a3cb4267-e900-4d61-9ee1-034071144224","federated","P1Y",1
"Thu Jul 22 07:27:56 2021","qc","For safe motherhood","a3cb4267-e900-4d61-9ee1-034071144224","federated","P1Y",1
"Thu Jul 22 08:24:33 2021","qc","For safe motherhood","a3cb4267-e900-4d61-9ee1-034071144224","federated","P1Y",1
"Thu Jul 22 09:25:04 2021","qc","For safe motherhood","a3cb4267-e900-4d61-9ee1-034071144224","federated","P1Y",1
"Thu Jul 22 10:28:15 2021","qc","For safe motherhood","a3cb4267-e900-4d61-9ee1-034071144224","federated","P1Y",1
"Thu Jul 22 11:22:21 2021","qc","For safe motherhood","a3cb4267-e900-4d61-9ee1-034071144224","federated","P1Y",1
"Thu Jul 22 12:31:14 2021","qc","For safe motherhood","a3cb4267-e900-4d61-9ee1-034071144224","federated","P1Y",1
"Thu Jul 22 13:32:39 2021","statcan","Difficulties for parents/guardians in finding a child care arrangement, children aged 0 to 5 years","80d8356b-cb0a-41d2-911c-78b1665268d0","primary","as_needed",1
"Thu Jul 22 14:24:00 2021","statcan","Difficulties for parents/guardians in finding a child care arrangement, children aged 0 to 5 years","80d8356b-cb0a-41d2-911c-78b1665268d0","primary","as_needed",1
"Thu Jul 22 15:25:04 2021","statcan","Difficulties for parents/guardians in finding a child care arrangement, children aged 0 to 5 years","80d8356b-cb0a-41d2-911c-78b1665268d0","primary","as_needed",1
"Thu Jul 22 16:28:50 2021","statcan","Difficulties for parents/guardians in finding a child care arrangement, children aged 0 to 5 years","80d8356b-cb0a-41d2-911c-78b1665268d0","primary","as_needed",1
"Thu Jul 22 17:35:52 2021","statcan","Difficulties for parents/guardians in finding a child care arrangement, children aged 0 to 5 years","80d8356b-cb0a-41d2-911c-78b1665268d0","primary","as_needed",1
"Thu Jul 22 18:30:27 2021","statcan","Difficulties for parents/guardians in finding a child care arrangement, children aged 0 to 5 years","80d8356b-cb0a-41d2-911c-78b1665268d0","primary","as_needed",1
"Thu Jul 22 19:24:30 2021","statcan","Difficulties for parents/guardians in finding a child care arrangement, children aged 0 to 5 years","80d8356b-cb0a-41d2-911c-78b1665268d0","primary","as_needed",1
"Thu Jul 22 20:32:42 2021","aafc-aac","Agri-Environmental Indicator – Risk of Water Contamination by Nitrogen","86e8b75b-f95c-4068-a34d-aa448c4c1131","fgp","as_needed",1
"Thu Jul 22 21:23:18 2021","aafc-aac","Agri-Environmental Indicator – Risk of Water Contamination by Nitrogen","86e8b75b-f95c-4068-a34d-aa448c4c1131","fgp","as_needed",1
"Thu Jul 22 22:29:54 2021","aafc-aac","Agri-Environmental Indicator – Risk of Water Contamination by Nitrogen","86e8b75b-f95c-4068-a34d-aa448c4c1131","fgp","as_needed",1
"Thu Jul 22 23:23:58 2021","aafc-aac","Agri-Environmental Indicator – Risk of Water Contamination by Nitrogen","86e8b75b-f95c-4068-a34d-aa448c4c1131","fgp","as_needed",1
"Fri Jul 23 00:48:05 2021","aafc-aac","Agri-Environmental Indicator – Risk of Water Contamination by Nitrogen","86e8b75b-f95c-4068-a34d-aa448c4c1131","fgp","as_needed",1
"Fri Jul 23 02:10:19 2021","aafc-aac","Agri-Environmental Indicator – Risk of Water Contamination by Nitrogen","86e8b75b-f95c-4068-a34d-aa448c4c1131","fgp","as_needed",1
"Fri Jul 23 02:42:38 2021","aafc-aac","Agri-Environmental Indicator – Risk of Water Contamination by Nitrogen","86e8b75b-f95c-4068-a34d-aa448c4c1131","fgp","as_needed",1
"Fri Jul 23 03:24:10 2021","aafc-aac","Agri-Environmental Indicator – Risk of Water Contamination by Nitrogen","86e8b75b-f95c-4068-a34d-aa448c4c1131","fgp","as_needed",1
"Fri Jul 23 04:26:48 2021","aafc-aac","Agri-Environmental Indicator – Risk of Water Contamination by Nitrogen","86e8b75b-f95c-4068-a34d-aa448c4c1131","fgp","as_needed",1
"Fri Jul 23 05:24:05 2021","aafc-aac","Agri-Environmental Indicator – Risk of Water Contamination by Nitrogen","86e8b75b-f95c-4068-a34d-aa448c4c1131","fgp","as_needed",1
"Fri Jul 23 06:26:13 2021","aafc-aac","Agri-Environmental Indicator – Risk of Water Contamination by Nitrogen","86e8b75b-f95c-4068-a34d-aa448c4c1131","fgp","as_needed",1
"Fri Jul 23 07:28:47 2021","aafc-aac","Agri-Environmental Indicator – Risk of Water Contamination by Nitrogen","86e8b75b-f95c-4068-a34d-aa448c4c1131","fgp","as_needed",1
"Fri Jul 23 08:26:24 2021","aafc-aac","Agri-Environmental Indicator – Risk of Water Contamination by Nitrogen","86e8b75b-f95c-4068-a34d-aa448c4c1131","fgp","as_needed",1
"Fri Jul 23 09:25:16 2021","aafc-aac","Agri-Environmental Indicator – Risk of Water Contamination by Nitrogen","86e8b75b-f95c-4068-a34d-aa448c4c1131","fgp","as_needed",1
"Fri Jul 23 10:24:16 2021","aafc-aac","Agri-Environmental Indicator – Risk of Water Contamination by Nitrogen","86e8b75b-f95c-4068-a34d-aa448c4c1131","fgp","as_needed",1
"Fri Jul 23 11:26:23 2021","aafc-aac","Agri-Environmental Indicator – Risk of Water Contamination by Nitrogen","86e8b75b-f95c-4068-a34d-aa448c4c1131","fgp","as_needed",1
"Fri Jul 23 12:30:52 2021","aafc-aac","Agri-Environmental Indicator – Risk of Water Contamination by Nitrogen","86e8b75b-f95c-4068-a34d-aa448c4c1131","fgp","as_needed",1
"Fri Jul 23 13:34:43 2021","aafc-aac","Agri-Environmental Indicator – Risk of Water Contamination by Nitrogen","86e8b75b-f95c-4068-a34d-aa448c4c1131","fgp","as_needed",1
"Fri Jul 23 14:26:13 2021","aafc-aac","Agri-Environmental Indicator – Risk of Water Contamination by Nitrogen","86e8b75b-f95c-4068-a34d-aa448c4c1131","fgp","as_needed",1
"Fri Jul 23 15:26:35 2021","dfo-mpo","Small Craft Harbours Locations and Information","262451e7-6416-47b5-8453-f31d212ea657","fgp","as_needed",1
"Fri Jul 23 16:27:15 2021","dfo-mpo","Small Craft Harbours Locations and Information","262451e7-6416-47b5-8453-f31d212ea657","fgp","as_needed",1
"Fri Jul 23 17:34:56 2021","phac-aspc","Immunization Partnership Fund","fec51fd3-9d9c-4bf1-b07e-081284433d74","publication","unknown",1
"Fri Jul 23 18:24:53 2021","phac-aspc","Immunization Partnership Fund","fec51fd3-9d9c-4bf1-b07e-081284433d74","publication","unknown",1
